ENSG00000140006	14	64063757	64108579
ENSG00000126821	14	64150932	64194757
ENSG00000259028	14	88034525	88035743
ENSG00000221114	14	50151262	50151383
ENSG00000258770	14	88100723	88121638
ENSG00000258400	14	50174385	50175510
ENSG00000252474	14	50306443	50306545
ENSG00000266037	14	50320336	50320632
ENSG00000258807	14	88176763	88338635
ENSG00000265150	14	50329271	50329567
ENSG00000251929	14	50368568	50368668
ENSG00000259077	14	88277326	88304683
ENSG00000258946	14	50394289	50428678
ENSG00000259096	14	88418871	88421547
ENSG00000211931	14	106382685	106382715
ENSG00000252783	14	88462689	88462792
ENSG00000258407	14	88477131	88481955
ENSG00000258826	14	88484949	88502663
ENSG00000258929	14	50474031	50507947
ENSG00000226777	14	106383838	106391825
ENSG00000258867	14	88490894	88563276
ENSG00000236170	14	106385361	106385377
ENSG00000211933	14	106405611	106406108
ENSG00000258975	14	88603077	88626189
ENSG00000259998	14	88624584	88626935
ENSG00000258538	14	88641735	88646542
ENSG00000119715	14	76776957	76968178
ENSG00000165959	14	95648277	95786243
ENSG00000092108	14	31091318	31205018
ENSG00000258983	14	88965678	88981433
ENSG00000273065	14	50505863	50555913
ENSG00000273307	14	50508361	50555893
ENSG00000222990	14	88979842	88980007
ENSG00000270788	14	50517086	50518054
ENSG00000258789	14	89017941	89018837
ENSG00000253635	14	107148674	107148905
ENSG00000254052	14	107151119	107151414
ENSG00000200653	14	89286641	89286776
ENSG00000253703	14	107159869	107160163
ENSG00000207342	14	89306509	89306607
ENSG00000254056	14	107183396	107183857
ENSG00000258990	14	89576492	89577567
ENSG00000254134	14	107229405	107229645
ENSG00000259151	14	89756549	89757938
ENSG00000254176	14	107231917	107232377
ENSG00000258752	14	89816629	89831043
ENSG00000243038	14	50519575	50520287
ENSG00000201358	14	50535286	50535591
ENSG00000251792	14	50553700	50553801
ENSG00000264712	14	50766573	50766664
ENSG00000253247	14	107236097	107236391
ENSG00000259071	14	50793244	50794627
ENSG00000253310	14	107239994	107240279
ENSG00000258857	14	50863731	50865063
ENSG00000265929	14	107259100	107259214
ENSG00000259113	14	50915525	50923460
ENSG00000211978	14	107259338	107259632
ENSG00000201573	14	50935115	50935216
ENSG00000258577	14	51038637	51038858
ENSG00000253674	14	107273842	107274110
ENSG00000254284	14	107275873	107276304
ENSG00000253128	14	107281000	107281252
ENSG00000253303	14	107287770	107288019
ENSG00000258699	14	89821404	89822915
ENSG00000258380	14	89866339	89875813
ENSG00000259053	14	89878656	90421003
ENSG00000258920	14	89883698	89886137
ENSG00000243103	14	51104412	51104699
ENSG00000269906	14	51129229	51129896
ENSG00000054654	14	64319683	64693165
ENSG00000071246	14	77228532	77249354
ENSG00000257115	14	19377522	19378606
ENSG00000272781	14	47311134	48143999
ENSG00000222036	14	19553365	19590078
ENSG00000259073	14	90042560	90043821
ENSG00000252522	14	90052006	90052105
ENSG00000201027	14	90088262	90088551
ENSG00000252655	14	90117137	90117247
ENSG00000200312	14	90178855	90179167
ENSG00000259050	14	90203309	90204735
ENSG00000230997	14	90358132	90358788
ENSG00000258544	14	90574019	90574339
ENSG00000201351	14	90643566	90643674
ENSG00000242571	14	90833041	90833523
ENSG00000238758	14	90847542	90847596
ENSG00000258424	14	90868867	90871579
ENSG00000258678	14	90918407	90921461
ENSG00000233208	14	90921574	90925249
ENSG00000259789	14	90955356	90957981
ENSG00000252748	14	91031485	91031569
ENSG00000258935	14	91033839	91036320
ENSG00000259163	14	91108982	91115238
ENSG00000258437	14	91141462	91142638
ENSG00000258716	14	91163677	91165718
ENSG00000213315	14	91232875	91233333
ENSG00000258884	14	91288709	91294472
ENSG00000258491	14	51171061	51172229
ENSG00000252644	14	91557421	91557482
ENSG00000221102	14	91592769	91592897
ENSG00000266343	14	91614372	91614663
ENSG00000260810	14	91724643	91725347
ENSG00000270062	14	51190495	51190990
ENSG00000258843	14	51288598	51290219
ENSG00000211934	14	106452671	106453170
ENSG00000252945	14	51311343	51311430
ENSG00000258687	14	51314840	51332377
ENSG00000258745	14	51378944	51380076
ENSG00000211935	14	106471246	106471723
ENSG00000211936	14	106478110	106478603
ENSG00000211937	14	106494135	106494597
ENSG00000265856	14	91800057	91800167
ENSG00000258798	14	91884610	91887520
ENSG00000258446	14	91885793	91886095
ENSG00000268295	14	92069517	92069777
ENSG00000258774	14	92070746	92071663
ENSG00000258962	14	92175455	92176961
ENSG00000200042	14	92181260	92181474
ENSG00000260711	14	92223103	92226142
ENSG00000187537	14	19983559	20020272
ENSG00000259020	14	92492910	92493231
ENSG00000211938	14	106518400	106518932
ENSG00000211939	14	106539079	106539577
ENSG00000261372	14	92511119	92516990
ENSG00000259634	14	92524896	92525877
ENSG00000176294	14	20187174	20296531
ENSG00000182652	14	20215587	20216528
ENSG00000176299	14	20248401	20249516
ENSG00000165762	14	20344391	20345468
ENSG00000176281	14	20388741	20389818
ENSG00000155249	14	20403767	20404842
ENSG00000169488	14	20443603	20444818
ENSG00000196383	14	20470322	20471265
ENSG00000169484	14	20482419	20483352
ENSG00000176253	14	20502003	20502919
ENSG00000176246	14	20528204	20529142
ENSG00000176230	14	20585566	20586597
ENSG00000184394	14	20611895	20612821
ENSG00000196832	14	20665495	20666605
ENSG00000176219	14	20691791	20692964
ENSG00000258806	14	20697561	20698500
ENSG00000176198	14	20710898	20711979
ENSG00000211940	14	106552285	106552809
ENSG00000211941	14	106573233	106573800
ENSG00000211942	14	106586137	106586667
ENSG00000211943	14	106610313	106610852
ENSG00000211944	14	106621894	106622419
ENSG00000211945	14	106641563	106642056
ENSG00000258481	14	92719837	92730000
ENSG00000211946	14	106667581	106668095
ENSG00000201097	14	92732046	92732151
ENSG00000258742	14	93352697	93359851
ENSG00000211947	14	106691673	106692203
ENSG00000176438	14	95883831	95942173
ENSG00000258711	14	51422977	51428720
ENSG00000259055	14	51555675	51558006
ENSG00000201376	14	51710808	51710942
ENSG00000201820	14	51720651	51720741
ENSG00000258955	14	51771134	51795104
ENSG00000258479	14	51800111	51832275
ENSG00000258942	14	51811632	51852321
ENSG00000258808	14	51858846	51863853
ENSG00000258893	14	51902756	51903681
ENSG00000258537	14	51921230	52066670
ENSG00000252400	14	51989582	51989685
ENSG00000251771	14	52071557	52071618
ENSG00000251756	14	52159470	52159579
ENSG00000207004	14	52190821	52190927
ENSG00000259111	14	52217278	52229832
ENSG00000258423	14	52223714	52224706
ENSG00000258550	14	52229774	52230794
ENSG00000258535	14	52231994	52292140
ENSG00000258849	14	52238507	52238804
ENSG00000259157	14	52254179	52254461
ENSG00000259007	14	52433721	52436518
ENSG00000258854	14	52449238	52453937
ENSG00000258694	14	52577840	52596343
ENSG00000258981	14	52584320	52584713
ENSG00000258440	14	52622458	52622897
ENSG00000261208	14	52753515	52755986
ENSG00000258757	14	53107557	53108284
ENSG00000259049	14	53241955	53244458
ENSG00000258499	14	93372042	93373827
ENSG00000211949	14	106725201	106725733
ENSG00000264700	14	53252295	53252581
ENSG00000258698	14	53259593	53286752
ENSG00000258730	14	93533797	93538497
ENSG00000258802	14	53265622	53265779
ENSG00000271075	14	53338176	53338935
ENSG00000258503	14	53478689	53478985
ENSG00000211950	14	106733144	106733639
ENSG00000136319	14	20724717	20774153
ENSG00000258595	14	93604411	93604810
ENSG00000240096	14	93689944	93690485
ENSG00000241499	14	93710356	93710669
ENSG00000211951	14	106757650	106758116
ENSG00000013523	14	77253588	77292589
ENSG00000211952	14	106780513	106781017
ENSG00000211953	14	106791005	106791536
ENSG00000231475	14	106805209	106805716
ENSG00000211955	14	106815722	106816253
ENSG00000211956	14	106829594	106830076
ENSG00000211957	14	106845323	106845789
ENSG00000211958	14	106866406	106866934
ENSG00000258993	14	53489773	53490315
ENSG00000258985	14	53503473	53504969
ENSG00000266552	14	53619767	53619833
ENSG00000258731	14	53620072	53624246
ENSG00000237356	14	53635772	54153976
ENSG00000225680	14	54066550	54080744
ENSG00000226132	14	54079442	54080123
ENSG00000235269	14	54235660	54317600
ENSG00000202306	14	93863485	93863580
ENSG00000252720	14	93903746	93903856
ENSG00000231922	14	54383988	54384471
ENSG00000258584	14	94371076	94393412
ENSG00000266431	14	54415145	54415202
ENSG00000224004	14	54457819	54458713
ENSG00000258753	14	54937427	54937936
ENSG00000252019	14	55325933	55326048
ENSG00000265432	14	55344831	55344911
ENSG00000265768	14	94414572	94414648
ENSG00000258872	14	55351567	55352931
ENSG00000175699	14	94463616	94478040
ENSG00000233924	14	55471531	55472405
ENSG00000258050	14	55663445	55665731
ENSG00000271180	14	55707340	55707798
ENSG00000258413	14	55729485	55738793
ENSG00000211959	14	106877619	106878126
ENSG00000232216	14	106926188	106926724
ENSG00000100814	14	20779527	20801471
ENSG00000211961	14	106962931	106963424
ENSG00000100473	14	31343720	31364271
ENSG00000258597	14	94830053	94833039
ENSG00000256357	14	94896970	94931067
ENSG00000258805	14	95100042	95100861
ENSG00000211962	14	106967049	106967788
ENSG00000211964	14	106993814	106994346
ENSG00000239686	14	55749014	55749361
ENSG00000258469	14	55765362	55765949
ENSG00000258455	14	55792552	55806219
ENSG00000211965	14	107012938	107013477
ENSG00000211966	14	107034729	107035221
ENSG00000258572	14	95982473	95984248
ENSG00000182512	14	95999840	96011061
ENSG00000187483	14	95107062	95113331
ENSG00000259140	14	95141214	95142166
ENSG00000239269	14	95192625	95193512
ENSG00000240914	14	95267186	95267800
ENSG00000258933	14	95426614	95429313
ENSG00000258866	14	95514557	95517290
ENSG00000213231	14	96152754	96158980
ENSG00000264607	14	95604256	95604323
ENSG00000235706	14	95623982	95646263
ENSG00000100565	14	77292715	77336645
ENSG00000259318	14	55861658	55861951
ENSG00000239199	14	55880274	55880777
ENSG00000186615	14	55965996	56046828
ENSG00000211967	14	107048672	107049341
ENSG00000100721	14	96176304	96180533
ENSG00000211968	14	107078373	107078869
ENSG00000224373	14	107081806	107083830
ENSG00000213641	14	56010119	56010887
ENSG00000271484	14	56013392	56014841
ENSG00000200742	14	56118252	56118352
ENSG00000211970	14	107095126	107095662
ENSG00000223648	14	107113741	107114274
ENSG00000211972	14	107131033	107131560
ENSG00000259143	14	95651454	95652191
ENSG00000258615	14	95665376	95665682
ENSG00000211973	14	107169931	107170428
ENSG00000211974	14	107178820	107179338
ENSG00000258630	14	95795921	95801841
ENSG00000229645	14	95873606	95876427
ENSG00000225698	14	107198932	107199471
ENSG00000196792	14	31363005	31495607
ENSG00000258784	14	56214926	56239921
ENSG00000177350	14	56232895	56234435
ENSG00000119669	14	77490888	77495034
ENSG00000258791	14	56247864	56263406
ENSG00000259868	14	56382445	56383044
ENSG00000198894	14	77564440	77583630
ENSG00000213622	14	56464932	56465307
ENSG00000212522	14	56535161	56535245
ENSG00000247092	14	95998634	96001209
ENSG00000252481	14	95999692	95999966
ENSG00000258390	14	96039899	96048293
ENSG00000258927	14	96087251	96109622
ENSG00000227051	14	96505661	96560417
ENSG00000129484	14	20811741	20826064
ENSG00000259164	14	77564654	77691805
ENSG00000165548	14	77582911	77725838
ENSG00000221254	14	56542198	56542284
ENSG00000259483	14	56770208	56777479
ENSG00000259719	14	56777598	56811719
ENSG00000258803	14	56981049	57018027
ENSG00000258428	14	57099962	57115376
ENSG00000242995	14	57150139	57150459
ENSG00000258703	14	57226097	57232475
ENSG00000270163	14	57266623	57267306
ENSG00000248550	14	57279901	57618895
ENSG00000270038	14	96110845	96111569
ENSG00000187621	14	96116835	96146170
ENSG00000168398	14	96671016	96710666
ENSG00000100478	14	31494312	31562818
ENSG00000258776	14	57284288	57360428
ENSG00000243801	14	57291092	57291374
ENSG00000200818	14	57291704	57291810
ENSG00000243388	14	57445127	57446339
ENSG00000258758	14	57507603	57509222
ENSG00000259136	14	57511364	57511678
ENSG00000258592	14	57532978	57579378
ENSG00000259008	14	57822164	57826128
ENSG00000259039	14	58045350	58048038
ENSG00000258856	14	58096559	58097880
ENSG00000258691	14	96671181	96730266
ENSG00000259084	14	96129593	96158967
ENSG00000100739	14	96722161	96735304
ENSG00000258729	14	96741383	96743060
ENSG00000257275	14	96178084	96223993
ENSG00000263357	14	96317818	96317927
ENSG00000258516	14	96321885	96332801
ENSG00000250366	14	96342729	96391908
ENSG00000066739	14	96747595	96830207
ENSG00000252837	14	58304072	58304378
ENSG00000259969	14	58460263	58461243
ENSG00000258836	14	58567703	58568292
ENSG00000243023	14	58607997	58608378
ENSG00000243700	14	58646489	58646779
ENSG00000258519	14	58651294	58652225
ENSG00000258682	14	58731380	58736399
ENSG00000257621	14	58732083	58764852
ENSG00000177108	14	77597613	77609077
ENSG00000269883	14	77607026	77609339
ENSG00000165553	14	77731826	77737655
ENSG00000092148	14	31569318	31677010
ENSG00000271358	14	96485821	96486102
ENSG00000221236	14	96603188	96603280
ENSG00000258412	14	96677197	96681155
ENSG00000129566	14	20833826	20881588
ENSG00000009830	14	77741299	77787227
ENSG00000180189	14	58751491	58752116
ENSG00000252782	14	58759011	58759106
ENSG00000258658	14	58836741	58862359
ENSG00000258378	14	58865275	58893843
ENSG00000252198	14	58908562	58908710
ENSG00000258650	14	58930689	58930854
ENSG00000258900	14	58987941	58988706
ENSG00000239510	14	59030864	59031334
ENSG00000221427	14	59237870	59237964
ENSG00000213598	14	59261372	59261747
ENSG00000258734	14	59294397	59294894
ENSG00000258583	14	59294952	59484046
ENSG00000258788	14	96689445	96689684
ENSG00000259036	14	96699768	96700438
ENSG00000258793	14	96725748	96734961
ENSG00000238776	14	96790045	96790124
ENSG00000258685	14	59602206	59603139
ENSG00000258996	14	59648311	59648658
ENSG00000252869	14	59866741	59866869
ENSG00000258782	14	59945992	59992155
ENSG00000211976	14	107210932	107211471
ENSG00000224650	14	107218676	107219365
ENSG00000211979	14	107282792	107283280
ENSG00000215398	14	19110203	19118336
ENSG00000206906	14	19119515	19119621
ENSG00000257171	14	19172103	19188741
ENSG00000257356	14	19195252	19195750
ENSG00000238442	14	19253848	19253930
ENSG00000257959	14	19332154	19372787
ENSG00000257721	14	19336524	19336668
ENSG00000258367	14	19339405	19345267
ENSG00000257825	14	19364751	19364792
ENSG00000257672	14	19390865	19391038
ENSG00000258233	14	19400329	19403264
ENSG00000263629	14	60113680	60113738
ENSG00000261120	14	60386141	60387057
ENSG00000129493	14	31760994	31889788
ENSG00000257504	14	19406795	19410111
ENSG00000257644	14	19407865	19427443
ENSG00000257175	14	19411432	19413685
ENSG00000258364	14	19412520	19413898
ENSG00000257731	14	19421521	19422698
ENSG00000258076	14	19422468	19422980
ENSG00000257558	14	19443726	19443847
ENSG00000239200	14	19468509	19468885
ENSG00000257635	14	19475116	19476455
ENSG00000257224	14	19478758	19478940
ENSG00000257990	14	19485970	19495426
ENSG00000257853	14	19498565	19502394
ENSG00000222276	14	96850961	96851152
ENSG00000259059	14	96890037	96890546
ENSG00000240051	14	96922913	96923378
ENSG00000260806	14	96967147	96968658
ENSG00000258702	14	97059070	97062099
ENSG00000100744	14	96829814	96853625
ENSG00000258553	14	60435834	60558501
ENSG00000258896	14	60625694	60626042
ENSG00000140057	14	96858448	96955764
ENSG00000258563	14	60646100	60646734
ENSG00000257891	14	19505871	19519837
ENSG00000258265	14	19529958	19530898
ENSG00000258252	14	19562689	19566731
ENSG00000185271	14	20896970	20903801
ENSG00000092094	14	20914570	20923264
ENSG00000242135	14	60679180	60679630
ENSG00000254718	14	60706839	60715483
ENSG00000258556	14	60789954	60790625
ENSG00000258427	14	60864475	60864999
ENSG00000259169	14	60865652	60866731
ENSG00000258692	14	60960484	60963603
ENSG00000258670	14	60981837	61021634
ENSG00000258764	14	61011118	61011372
ENSG00000223299	14	97104524	97104851
ENSG00000258979	14	97207528	97256950
ENSG00000212612	14	19564785	19564891
ENSG00000258825	14	97397704	97409917
ENSG00000258314	14	19611768	19643377
ENSG00000225163	14	97409916	97411731
ENSG00000257608	14	19614216	19615884
ENSG00000259026	14	97576753	97585584
ENSG00000258393	14	97582692	97587838
ENSG00000259110	14	97621194	97625073
ENSG00000225210	14	19650018	19718563
ENSG00000246084	14	97925153	98047938
ENSG00000240730	14	97996228	97996510
ENSG00000197176	14	98098984	98152995
ENSG00000258379	14	98252902	98255593
ENSG00000259097	14	98534577	98671480
ENSG00000258511	14	98602411	98605579
ENSG00000222066	14	98797969	98798087
ENSG00000241757	14	98817706	98818001
ENSG00000258795	14	98963469	98981135
ENSG00000237342	14	99311233	99311934
ENSG00000259119	14	99391474	99394142
ENSG00000232573	14	99439216	99439638
ENSG00000244756	14	61038742	61039029
ENSG00000241354	14	61068864	61069251
ENSG00000253014	14	61073785	61073883
ENSG00000258952	14	61107448	61109307
ENSG00000258445	14	61246696	61247313
ENSG00000258892	14	61346432	61449303
ENSG00000258485	14	61385958	61386873
ENSG00000258656	14	61438990	61439184
ENSG00000100577	14	77787227	77797940
ENSG00000234648	14	99439651	99439808
ENSG00000229402	14	99624753	99626006
ENSG00000235785	14	99729285	99731072
ENSG00000258383	14	99791136	99798352
ENSG00000216173	14	99828628	99828716
ENSG00000272439	14	99910643	99910749
ENSG00000258749	14	99978838	99979913
ENSG00000200506	14	100049354	100049455
ENSG00000203546	14	31803518	31926647
ENSG00000247970	14	100070893	100092077
ENSG00000258672	14	100157782	100159985
ENSG00000199836	14	100411652	100411814
ENSG00000271198	14	100430866	100431715
ENSG00000206870	14	61441045	61441153
ENSG00000242888	14	100440673	100441486
ENSG00000252380	14	61729679	61729750
ENSG00000258693	14	100443452	100444435
ENSG00000247287	14	61764882	61789536
ENSG00000258560	14	100519140	100541215
ENSG00000258926	14	62004226	62012005
ENSG00000265154	14	100575756	100575851
ENSG00000199082	14	100575992	100576090
ENSG00000250548	14	62023031	62037371
ENSG00000129480	14	31915242	31926716
ENSG00000258777	14	62147759	62162541
ENSG00000258982	14	100673744	100704892
ENSG00000258667	14	62182276	62217815
ENSG00000100823	14	20923350	20925927
ENSG00000258964	14	62200856	62242978
ENSG00000258904	14	100730118	100731742
ENSG00000259052	14	100746296	100757793
ENSG00000258882	14	62278692	62437037
ENSG00000258504	14	100757454	100760993
ENSG00000258956	14	62298579	62299087
ENSG00000214943	14	31952173	31953171
ENSG00000258842	14	62536236	62547872
ENSG00000258903	14	62570096	62583893
ENSG00000198984	14	100774196	100774293
ENSG00000259796	14	62577593	62579268
ENSG00000090060	14	96967770	97033448
ENSG00000258403	14	62581071	62584284
ENSG00000186369	14	62584197	62596352
ENSG00000151413	14	31959162	32330430
ENSG00000228294	14	19670480	19686002
ENSG00000257227	14	19691780	19692374
ENSG00000257573	14	19719545	19720589
ENSG00000257310	14	19740033	19742744
ENSG00000258781	14	19742775	19758782
ENSG00000271632	14	19787427	19787943
ENSG00000196143	14	19806437	19807415
ENSG00000258188	14	19812176	19859970
ENSG00000257749	14	19832617	19857070
ENSG00000243976	14	100785408	100785707
ENSG00000263519	14	100789165	100789270
ENSG00000258666	14	100800127	100820398
ENSG00000244306	14	19854098	19925348
ENSG00000258521	14	100806169	100806891
ENSG00000258581	14	100832965	100833257
ENSG00000258620	14	100872936	100873950
ENSG00000258198	14	19854816	19855864
ENSG00000257977	14	19882993	19883606
ENSG00000215394	14	19889386	19904890
ENSG00000257931	14	19932012	19972292
ENSG00000259142	14	62600867	62606691
ENSG00000270852	14	62617374	62618976
ENSG00000258638	14	62981590	62981841
ENSG00000258877	14	63070831	63072435
ENSG00000258995	14	63589725	63589919
ENSG00000259093	14	63589751	63594932
ENSG00000265711	14	63699433	63699530
ENSG00000258943	14	63764844	63766265
ENSG00000258500	14	100947289	100947611
ENSG00000253075	14	100953881	100954124
ENSG00000259031	14	101005276	101006746
ENSG00000258576	14	101054112	101055663
ENSG00000196273	14	101123587	101142406
ENSG00000258717	14	101142267	101146221
ENSG00000273087	14	101203922	101204561
ENSG00000214548	14	101245747	101327368
ENSG00000258474	14	32414059	32419588
ENSG00000258386	14	32476108	32487891
ENSG00000179600	14	63779549	63785593
ENSG00000264995	14	63929724	63930021
ENSG00000252463	14	63944492	63944557
ENSG00000252800	14	63945990	63946131
ENSG00000261242	14	64010287	64011382
ENSG00000205767	14	64034671	64035027
ENSG00000100852	14	32545320	32628934
ENSG00000258363	14	19959517	19961162
ENSG00000257868	14	20004410	20004527
ENSG00000258276	14	20006913	20010958
ENSG00000212516	14	20008753	20008859
ENSG00000257162	14	20071068	20074896
ENSG00000258027	14	20078033	20146082
ENSG00000270878	14	64060749	64062009
ENSG00000258800	14	64065592	64065966
ENSG00000258645	14	64068227	64068532
ENSG00000202490	14	64084761	64084862
ENSG00000206822	14	64088478	64088589
ENSG00000207172	14	64097396	64097499
ENSG00000200693	14	64118015	64118217
ENSG00000258778	14	64201415	64202641
ENSG00000165782	14	20925878	20929771
ENSG00000257432	14	20097282	20098616
ENSG00000257357	14	20105463	20109540
ENSG00000258324	14	20121785	20121904
ENSG00000257493	14	20132257	20151836
ENSG00000257751	14	20136701	20137215
ENSG00000257846	14	20136988	20138162
ENSG00000259069	14	20145803	20147175
ENSG00000257884	14	20145996	20148263
ENSG00000257395	14	20149579	20152898
ENSG00000258080	14	20156420	20159353
ENSG00000257142	14	20168638	20168809
ENSG00000258453	14	20181104	20182079
ENSG00000252749	14	64203162	64203223
ENSG00000258411	14	64228731	64228867
ENSG00000270912	14	64275264	64275450
ENSG00000202182	14	64314979	64315080
ENSG00000221537	14	64561742	64561843
ENSG00000214770	14	64796149	64805317
ENSG00000234911	14	64812889	64841384
ENSG00000151320	14	32798479	33300567
ENSG00000198805	14	20937113	20945253
ENSG00000258438	14	20201514	20230044
ENSG00000176312	14	20228027	20228947
ENSG00000238492	14	20232066	20232166
ENSG00000258564	14	20264504	20265419
ENSG00000228304	14	20315526	20316422
ENSG00000176290	14	20336401	20337302
ENSG00000258541	14	20374076	20374759
ENSG00000259016	14	20376255	20376808
ENSG00000258822	14	20424759	20425727
ENSG00000265199	14	20501820	20501923
ENSG00000258899	14	20512075	20512986
ENSG00000151322	14	33404139	34273382
ENSG00000252999	14	20558289	20558386
ENSG00000258641	14	20561512	20562422
ENSG00000251885	14	20614276	20614314
ENSG00000259074	14	20617391	20617904
ENSG00000259095	14	20641791	20641972
ENSG00000258468	14	20647348	20648315
ENSG00000258625	14	20677399	20678369
ENSG00000266336	14	20685313	20685398
ENSG00000258768	14	20728639	20732467
ENSG00000258459	14	20773889	20774970
ENSG00000258809	14	64825486	64846036
ENSG00000271511	14	64828110	64828355
ENSG00000258824	14	64889653	64915275
ENSG00000272909	14	64907087	64908956
ENSG00000272828	14	64929946	64930175
ENSG00000259116	14	64980872	65007086
ENSG00000259160	14	65002420	65002597
ENSG00000259076	14	65019412	65063254
ENSG00000222489	14	20791338	20791485
ENSG00000238344	14	20794609	20794685
ENSG00000259001	14	20811207	20811844
ENSG00000259010	14	65066961	65068362
ENSG00000254846	14	20812392	20815047
ENSG00000200225	14	20883146	20883257
ENSG00000259162	14	20906141	20909427
ENSG00000258515	14	20919464	20920077
ENSG00000258908	14	20942948	20945248
ENSG00000258456	14	20992446	20993581
ENSG00000258863	14	20996274	20997118
ENSG00000258573	14	21055803	21075296
ENSG00000252497	14	65376206	65376498
ENSG00000272158	14	65470043	65470485
ENSG00000264620	14	65481433	65481532
ENSG00000266531	14	65511406	65511487
ENSG00000239327	14	21084803	21085150
ENSG00000199461	14	21147570	21147671
ENSG00000182545	14	20973696	20979328
ENSG00000100580	14	77801364	77843452
ENSG00000188655	14	21024252	21029090
ENSG00000100583	14	77843032	77857840
ENSG00000140009	14	64550950	64804830
ENSG00000258451	14	21161639	21175279
ENSG00000259144	14	21188901	21191286
ENSG00000165555	14	77860364	77889860
ENSG00000266461	14	101280828	101280911
ENSG00000258663	14	101300769	101327363
ENSG00000259118	14	65548752	65560930
ENSG00000222985	14	65591070	65591260
ENSG00000255002	14	65679611	65689065
ENSG00000268156	14	77882741	77883115
ENSG00000258878	14	65701233	65701819
ENSG00000129521	14	34393437	34931980
ENSG00000258963	14	21202737	21203170
ENSG00000258810	14	21252047	21252452
ENSG00000259130	14	21338437	21341751
ENSG00000258642	14	21342464	21343927
ENSG00000258918	14	21366144	21404414
ENSG00000258772	14	21384925	21396739
ENSG00000136315	14	21387500	21388458
ENSG00000243817	14	21431738	21432024
ENSG00000258599	14	21451314	21453225
ENSG00000258471	14	21463996	21467322
ENSG00000211574	14	101318727	101318824
ENSG00000207989	14	101335397	101335485
ENSG00000199151	14	101340830	101340922
ENSG00000272291	14	101341370	101341441
ENSG00000208001	14	101347344	101347457
ENSG00000207569	14	101348220	101348343
ENSG00000207608	14	101349316	101349412
ENSG00000272458	14	101350820	101350913
ENSG00000207942	14	101351034	101351125
ENSG00000258399	14	101361107	101402336
ENSG00000221077	14	101369934	101370053
ENSG00000258760	14	65703198	65785508
ENSG00000258613	14	65733356	65734408
ENSG00000214759	14	65735547	65735816
ENSG00000259078	14	65745985	65747884
ENSG00000266740	14	65801835	65801901
ENSG00000180662	14	65934525	65935059
ENSG00000207781	14	65937820	65937904
ENSG00000258980	14	65995548	65996292
ENSG00000258629	14	66346310	66347788
ENSG00000258960	14	66367650	66368169
ENSG00000238876	14	66478359	66478451
ENSG00000224861	14	66479548	66480507
ENSG00000258502	14	66578299	66592565
ENSG00000199005	14	101377476	101377550
ENSG00000251769	14	101382173	101382230
ENSG00000252873	14	101383915	101383982
ENSG00000202191	14	101391161	101391229
ENSG00000151445	14	77893018	77924295
ENSG00000251949	14	101392317	101392388
ENSG00000212384	14	101393679	101393750
ENSG00000201700	14	101396256	101396328
ENSG00000201672	14	101402828	101402902
ENSG00000225746	14	101403738	101426536
ENSG00000259060	14	21051051	21077954
ENSG00000173464	14	21051054	21078043
ENSG00000200860	14	66644245	66644353
ENSG00000258561	14	66679528	66976112
ENSG00000196553	14	66953072	66965271
ENSG00000258436	14	21058352	21058982
ENSG00000258604	14	21492331	21497430
ENSG00000181803	14	21108855	21109850
ENSG00000258714	14	21558546	21560491
ENSG00000178107	14	21576202	21584862
ENSG00000258722	14	21578454	21581631
ENSG00000258818	14	21152259	21168761
ENSG00000200102	14	21581798	21581904
ENSG00000259102	14	21630672	21631902
ENSG00000258906	14	21652500	21653118
ENSG00000258441	14	21668238	21675059
ENSG00000165389	14	34901995	34931562
ENSG00000129518	14	34985135	35008916
ENSG00000100749	14	97263641	97398059
ENSG00000260830	14	21852451	21853079
ENSG00000199436	14	21860309	21860412
ENSG00000200785	14	21865451	21865560
ENSG00000241035	14	21867084	21867441
ENSG00000258870	14	21887779	21888119
ENSG00000263621	14	21897669	21897965
ENSG00000214274	14	21152336	21167130
ENSG00000257096	14	21989234	21990794
ENSG00000256737	14	22031950	22033215
ENSG00000256081	14	22053414	22054404
ENSG00000169202	14	22070049	22070976
ENSG00000256385	14	22080078	22080535
ENSG00000255664	14	22117944	22118553
ENSG00000259171	14	21152746	21168735
ENSG00000180636	14	22138203	22139150
ENSG00000100714	14	64854749	64926722
ENSG00000181562	14	21214051	21216539
ENSG00000256350	14	22167176	22167373
ENSG00000248358	14	22183018	22184486
ENSG00000240954	14	22218553	22219830
ENSG00000181552	14	21236586	21239107
ENSG00000169413	14	21249210	21250626
ENSG00000129538	14	21269387	21271437
ENSG00000129515	14	35030300	35099389
ENSG00000258796	14	67227250	67227736
ENSG00000258490	14	67435755	67436533
ENSG00000258988	14	67665779	67667044
ENSG00000199755	14	67806785	67806893
ENSG00000222776	14	22248785	22248866
ENSG00000256474	14	22297692	22298223
ENSG00000265993	14	67908572	67908647
ENSG00000256379	14	22371257	22371778
ENSG00000259502	14	68077703	68080581
ENSG00000258482	14	22418629	22418877
ENSG00000258557	14	22431047	22431270
ENSG00000259648	14	68081646	68083343
ENSG00000258705	14	22480149	22483203
ENSG00000201529	14	68084019	68084132
ENSG00000258626	14	68119017	68119331
ENSG00000238634	14	22610887	22610964
ENSG00000258835	14	22623012	22623571
ENSG00000272474	14	101404524	101404601
ENSG00000258869	14	98215601	98230326
ENSG00000252144	14	101405405	101405475
ENSG00000200215	14	101405893	101405968
ENSG00000249048	14	22645170	22645761
ENSG00000251918	14	101406904	101406974
ENSG00000200632	14	101407463	101407539
ENSG00000258905	14	22653458	22653953
ENSG00000200367	14	101409788	101409861
ENSG00000258812	14	22658052	22658607
ENSG00000259068	14	22733632	22734147
ENSG00000246223	14	98391947	98444461
ENSG00000201950	14	101411986	101412057
ENSG00000176605	14	99177950	99184098
ENSG00000272253	14	68123822	68123928
ENSG00000199575	14	101416170	101416241
ENSG00000200823	14	101418193	101418270
ENSG00000201839	14	101419686	101419760
ENSG00000200832	14	101420711	101420785
ENSG00000199798	14	101421707	101421776
ENSG00000200150	14	101422577	101422649
ENSG00000201263	14	101423503	101423574
ENSG00000232018	14	101426846	101433377
ENSG00000199390	14	101429391	101429467
ENSG00000201240	14	101432366	101432437
ENSG00000200279	14	101433389	101433460
ENSG00000271417	14	101433989	101452987
ENSG00000200608	14	101434448	101434522
ENSG00000202270	14	101435285	101435359
ENSG00000127152	14	99635624	99737861
ENSG00000201247	14	101436216	101436289
ENSG00000199593	14	101438440	101438514
ENSG00000201557	14	101439007	101439078
ENSG00000199914	14	101439932	101440001
ENSG00000089775	14	64915824	64971931
ENSG00000256221	14	22801352	22803115
ENSG00000251002	14	22849083	22951948
ENSG00000169397	14	21359558	21360507
ENSG00000165410	14	35179593	35184029
ENSG00000169385	14	21423611	21424595
ENSG00000241542	14	68172671	68172972
ENSG00000258618	14	68181262	68181921
ENSG00000271697	14	68201912	68202067
ENSG00000259042	14	22886826	22887645
ENSG00000249446	14	22945296	22945352
ENSG00000250688	14	22950686	22950742
ENSG00000201569	14	101441143	101441217
ENSG00000252792	14	68212084	68212191
ENSG00000239820	14	68217947	68218261
ENSG00000258759	14	68265721	68266326
ENSG00000258837	14	68591721	68596913
ENSG00000179841	14	64932217	64941221
ENSG00000244677	14	68616337	68616625
ENSG00000126804	14	64970430	65000408
ENSG00000165792	14	21457929	21465189
ENSG00000202142	14	101442162	101442233
ENSG00000243546	14	68702962	68703256
ENSG00000199942	14	101442814	101442888
ENSG00000201500	14	101443726	101443803
ENSG00000240210	14	68805445	68806258
ENSG00000201036	14	101445339	101445427
ENSG00000201710	14	101446329	101446403
ENSG00000202048	14	101447341	101447412
ENSG00000258477	14	68888415	68888913
ENSG00000272344	14	101448312	101448383
ENSG00000202293	14	101449263	101449334
ENSG00000200406	14	101450213	101450284
ENSG00000259038	14	69093883	69095162
ENSG00000258623	14	69150128	69152282
ENSG00000242941	14	69159807	69160300
ENSG00000207089	14	69202639	69202745
ENSG00000263694	14	69312519	69312772
ENSG00000270975	14	69328479	69329242
ENSG00000258565	14	69334574	69336668
ENSG00000258967	14	69354502	69354801
ENSG00000258531	14	69403319	69403581
ENSG00000259062	14	69446399	69454180
ENSG00000248366	14	22956171	22956233
ENSG00000211874	14	22998580	22998641
ENSG00000259054	14	23025205	23025956
ENSG00000228313	14	23064715	23067855
ENSG00000126803	14	65002623	65009955
ENSG00000198604	14	35221937	35344853
ENSG00000201899	14	101451114	101451185
ENSG00000200612	14	101452394	101452465
ENSG00000200413	14	101453383	101453454
ENSG00000200636	14	101454498	101454567
ENSG00000200480	14	101455467	101455538
ENSG00000201689	14	101456428	101456497
ENSG00000201318	14	101458256	101458327
ENSG00000165807	14	65016620	65056098
ENSG00000200089	14	101459573	101459647
ENSG00000222095	14	101460594	101460667
ENSG00000252009	14	101463990	101464061
ENSG00000222185	14	101464804	101464878
ENSG00000242293	14	69489867	69490025
ENSG00000199088	14	101488366	101488491
ENSG00000259165	14	69550115	69552106
ENSG00000199109	14	101489662	101489757
ENSG00000183576	14	99864083	99947216
ENSG00000206768	14	69610569	69610670
ENSG00000207749	14	101490114	101490215
ENSG00000258957	14	69649737	69680809
ENSG00000258520	14	69705883	69727284
ENSG00000244237	14	70027736	70028187
ENSG00000221060	14	70270920	70271048
ENSG00000242071	14	70352057	70352869
ENSG00000198982	14	101491331	101491441
ENSG00000258422	14	70653840	70696904
ENSG00000221745	14	101491901	101491988
ENSG00000199069	14	101492069	101492154
ENSG00000211582	14	101492357	101492444
ENSG00000270610	14	70701212	70701812
ENSG00000235812	14	70712208	70714518
ENSG00000259033	14	70742013	70758576
ENSG00000258644	14	70793069	70883701
ENSG00000222640	14	70827609	70827805
ENSG00000257759	14	70892529	71014181
ENSG00000259158	14	70935598	70950473
ENSG00000176082	14	70935877	70937825
ENSG00000252263	14	70962824	70962927
ENSG00000259115	14	71060031	71107921
ENSG00000258951	14	71061269	71062487
ENSG00000245466	14	71075515	71108015
ENSG00000240837	14	71076803	71077094
ENSG00000258689	14	71165415	71178870
ENSG00000207761	14	101493122	101493201
ENSG00000207762	14	101493437	101493520
ENSG00000194717	14	101495971	101496051
ENSG00000242061	14	23163307	23163744
ENSG00000221036	14	101496389	101496466
ENSG00000235213	14	23171352	23172274
ENSG00000212040	14	101498324	101498401
ENSG00000207743	14	101500092	101500173
ENSG00000258458	14	23171820	23235771
ENSG00000265032	14	101505680	101505774
ENSG00000271946	14	101506017	101506102
ENSG00000207934	14	101506556	101506636
ENSG00000258823	14	23192685	23195781
ENSG00000212302	14	23225970	23226038
ENSG00000212335	14	23321825	23321937
ENSG00000199716	14	23337027	23337126
ENSG00000259153	14	71276922	71282120
ENSG00000237054	14	23388665	23396105
ENSG00000264882	14	101507104	101507206
ENSG00000215957	14	101507700	101507782
ENSG00000126822	14	65170820	65213610
ENSG00000258431	14	71325561	71326146
ENSG00000258930	14	71498403	71498687
ENSG00000258966	14	71511092	71511357
ENSG00000258571	14	71552199	71552550
ENSG00000221525	14	101509314	101509399
ENSG00000221614	14	101510535	101510620
ENSG00000258861	14	101511494	101518132
ENSG00000199020	14	101512257	101512331
ENSG00000207754	14	101512792	101512875
ENSG00000202560	14	101513658	101513735
ENSG00000216099	14	101514238	101514316
ENSG00000207587	14	101514995	101515085
ENSG00000207646	14	101515887	101515983
ENSG00000265250	14	101518340	101518436
ENSG00000269927	14	71607842	71609970
ENSG00000259907	14	71648173	71648823
ENSG00000258517	14	71679350	71684933
ENSG00000269945	14	71685817	71689441
ENSG00000259146	14	71759442	71788531
ENSG00000100591	14	77924213	77935817
ENSG00000257285	14	23398818	23424771
ENSG00000265037	14	23426159	23426238
ENSG00000258457	14	23451907	23468287
ENSG00000252114	14	23486367	23486590
ENSG00000207765	14	23502739	23502847
ENSG00000202229	14	23625518	23625623
ENSG00000240131	14	23699170	23699325
ENSG00000252347	14	23728669	23728775
ENSG00000270433	14	23763061	23765007
ENSG00000259018	14	23825615	23826212
ENSG00000199157	14	23857799	23857881
ENSG00000258444	14	23884548	23884895
ENSG00000215991	14	23887196	23887272
ENSG00000157306	14	23980969	24029987
ENSG00000259079	14	71797059	71797455
ENSG00000207444	14	71865054	71865124
ENSG00000242330	14	71915406	71915673
ENSG00000266869	14	72315323	72375147
ENSG00000200298	14	72489124	72489233
ENSG00000258871	14	73019288	73061833
ENSG00000206751	14	73319932	73320039
ENSG00000258727	14	24030306	24037282
ENSG00000238972	14	73376145	73376231
ENSG00000258464	14	24198247	24198950
ENSG00000259043	14	24218445	24220359
ENSG00000270618	14	24236871	24238207
ENSG00000222931	14	24261139	24261445
ENSG00000258887	14	24294845	24296605
ENSG00000259334	14	24391456	24403777
ENSG00000215256	14	24407940	24458048
ENSG00000207558	14	101518783	101518862
ENSG00000207742	14	101520638	101520723
ENSG00000207993	14	101521008	101521110
ENSG00000208027	14	101521738	101521848
ENSG00000208004	14	101522556	101522637
ENSG00000207978	14	101526092	101526175
ENSG00000100883	14	35451163	35498773
ENSG00000225766	14	24505662	24520580
ENSG00000176043	14	73396320	73396638
ENSG00000259321	14	24608654	24609653
ENSG00000199804	14	24627812	24627931
ENSG00000165794	14	21467414	21470030
ENSG00000260669	14	24678852	24685193
ENSG00000070182	14	65213002	65346601
ENSG00000090061	14	99947506	100001381
ENSG00000205476	14	99977603	100070363
ENSG00000207141	14	24821263	24821363
ENSG00000258657	14	25064929	25126980
ENSG00000258098	14	25593693	25596204
ENSG00000257179	14	25736270	25736542
ENSG00000207961	14	101526910	101527011
ENSG00000151327	14	35514113	35582336
ENSG00000259015	14	73427303	73428701
ENSG00000199015	14	101528343	101528476
ENSG00000216179	14	101530832	101530915
ENSG00000199107	14	101531637	101531715
ENSG00000199012	14	101531784	101531874
ENSG00000199025	14	101531918	101532024
ENSG00000199092	14	101532249	101532328
ENSG00000207959	14	101533061	101533138
ENSG00000223403	14	101536248	101539274
ENSG00000258275	14	25826970	25827895
ENSG00000257976	14	25900399	25901440
ENSG00000230805	14	101540206	101544247
ENSG00000212270	14	26275854	26275918
ENSG00000257986	14	26305064	26612511
ENSG00000212037	14	26641372	26641464
ENSG00000257503	14	26677242	26677630
ENSG00000259004	14	101587193	101589879
ENSG00000206761	14	101611818	101612032
ENSG00000258681	14	101683709	101684578
ENSG00000262119	14	27061953	27063723
ENSG00000258497	14	101723669	101744655
ENSG00000257842	14	27067618	27275673
ENSG00000258460	14	101798853	101800668
ENSG00000259023	14	101872324	101874259
ENSG00000259082	14	101908413	101910652
ENSG00000100593	14	77940740	77965210
ENSG00000239544	14	73430353	73430716
ENSG00000241487	14	73507329	73507622
ENSG00000258813	14	73525139	73526123
ENSG00000259166	14	101913979	101923454
ENSG00000258448	14	73534816	73535326
ENSG00000259109	14	73656471	73656712
ENSG00000258376	14	73710726	73712687
ENSG00000258498	14	102018558	102026768
ENSG00000252839	14	73713526	73713588
ENSG00000258944	14	73738890	73740789
ENSG00000251393	14	73929129	73943880
ENSG00000170468	14	73957644	73960105
ENSG00000255242	14	73957669	73960096
ENSG00000258443	14	73983937	73987352
ENSG00000258695	14	73989582	73997314
ENSG00000258408	14	74005925	74006485
ENSG00000258524	14	74037863	74038371
ENSG00000258603	14	74083412	74100644
ENSG00000182218	14	100111447	100146906
ENSG00000258972	14	74098179	74098723
ENSG00000251907	14	74126267	74126363
ENSG00000258660	14	74164806	74167054
ENSG00000264741	14	74225450	74225522
ENSG00000259065	14	74254063	74269973
ENSG00000092020	14	35554673	35591723
ENSG00000257845	14	27244701	27291313
ENSG00000100596	14	77972340	78083116
ENSG00000238330	14	74265718	74265821
ENSG00000258586	14	74289262	74296838
ENSG00000270576	14	74307223	74307312
ENSG00000223300	14	74324764	74324868
ENSG00000258891	14	74362867	74404817
ENSG00000270140	14	74371970	74372339
ENSG00000199472	14	74373019	74373130
ENSG00000259114	14	74498500	74549566
ENSG00000239910	14	74641159	74641454
ENSG00000258513	14	74659292	74659526
ENSG00000258559	14	74755830	74761128
ENSG00000258737	14	74772128	74772766
ENSG00000177776	14	74844521	74845121
ENSG00000270000	14	74938633	74939063
ENSG00000259005	14	74940710	74941567
ENSG00000265649	14	74946836	74946907
ENSG00000258769	14	74949688	74950138
ENSG00000258425	14	75018884	75026751
ENSG00000257185	14	27278623	27305664
ENSG00000258081	14	27305934	27629626
ENSG00000257612	14	27342339	27383949
ENSG00000265165	14	27377848	27377931
ENSG00000222899	14	27396859	27396981
ENSG00000258932	14	27727923	28314492
ENSG00000258548	14	28081794	28108842
ENSG00000258976	14	75081396	75083350
ENSG00000258439	14	75124752	75125293
ENSG00000222604	14	75178654	75178748
ENSG00000264657	14	28102411	28102484
ENSG00000223164	14	28459211	28459321
ENSG00000197358	14	28733596	28735180
ENSG00000257869	14	28787347	28887818
ENSG00000240179	14	28959116	28959568
ENSG00000258175	14	29061429	29082829
ENSG00000100601	14	78138747	78174363
ENSG00000036530	14	100150641	100193638
ENSG00000257662	14	29062985	29063125
ENSG00000119705	14	78174414	78227447
ENSG00000258919	14	102095321	102098867
ENSG00000258404	14	102100791	102197445
ENSG00000241494	14	102144280	102144717
ENSG00000259088	14	102262892	102276658
ENSG00000207208	14	102269564	102269668
ENSG00000256705	14	102299772	102305868
ENSG00000258282	14	29142447	29142933
ENSG00000257126	14	29198289	29234483
ENSG00000257056	14	29252697	29254993
ENSG00000259606	14	75310727	75322378
ENSG00000258587	14	75340387	75340957
ENSG00000258646	14	75471422	75475184
ENSG00000206924	14	75487464	75487570
ENSG00000258978	14	75583129	75583303
ENSG00000259138	14	75593856	75603633
ENSG00000252013	14	75668784	75668872
ENSG00000258820	14	75726114	75738653
ENSG00000119660	14	75758809	75761016
ENSG00000259687	14	75761107	75763341
ENSG00000259319	14	75890386	75894444
ENSG00000224721	14	76041231	76045931
ENSG00000242951	14	76062148	76062549
ENSG00000201096	14	76070516	76070621
ENSG00000259103	14	76280845	76314041
ENSG00000242488	14	76304500	76305457
ENSG00000259161	14	102309731	102310459
ENSG00000271780	14	102414684	102415762
ENSG00000272444	14	102418753	102419400
ENSG00000259013	14	102435701	102435938
ENSG00000258876	14	76437267	76437930
ENSG00000258959	14	102502652	102532565
ENSG00000258578	14	76480022	76480486
ENSG00000240457	14	102543520	102543810
ENSG00000265677	14	102807306	102807406
ENSG00000239061	14	102825136	102825239
ENSG00000212330	14	102968013	102968116
ENSG00000266015	14	103005981	103006063
ENSG00000259230	14	103011591	103022163
ENSG00000239224	14	103049227	103049514
ENSG00000230988	14	103128577	103129045
ENSG00000202459	14	103161725	103161832
ENSG00000259508	14	103236377	103241128
ENSG00000238853	14	103255828	103255928
ENSG00000206969	14	103332193	103332300
ENSG00000211990	14	103345958	103346075
ENSG00000259515	14	103399911	103403514
ENSG00000213176	14	103507806	103508431
ENSG00000259444	14	103561060	103565222
ENSG00000259717	14	103587184	103589344
ENSG00000259374	14	103606012	103608296
ENSG00000259535	14	103614934	103615745
ENSG00000259525	14	103650541	103651376
ENSG00000251533	14	103653558	103655365
ENSG00000239117	14	103669523	103669601
ENSG00000270705	14	103674085	103674126
ENSG00000242837	14	103707829	103708309
ENSG00000270938	14	103745560	103746292
ENSG00000240624	14	103749270	103749805
ENSG00000257748	14	29269290	29299410
ENSG00000258038	14	29299450	29437606
ENSG00000258065	14	29326590	29327907
ENSG00000207164	14	29370442	29370553
ENSG00000066629	14	100204030	100408397
ENSG00000258028	14	29406095	29497969
ENSG00000257523	14	29445042	29448130
ENSG00000252065	14	29451509	29451616
ENSG00000257522	14	29734031	29850501
ENSG00000259775	14	103798011	103798704
ENSG00000272533	14	103804186	103804311
ENSG00000259428	14	103830576	103831157
ENSG00000243904	14	103840370	103841253
ENSG00000244691	14	103878456	103879098
ENSG00000258454	14	76702160	76729817
ENSG00000258402	14	76747286	76776409
ENSG00000212061	14	76814398	76814481
ENSG00000263880	14	76821072	76821352
ENSG00000259124	14	76961706	77193055
ENSG00000271423	14	77100057	77100371
ENSG00000242952	14	77101118	77102004
ENSG00000258566	14	77156482	77157085
ENSG00000258569	14	77177001	77227731
ENSG00000259081	14	77240627	77247861
ENSG00000258610	14	77245295	77248592
ENSG00000258301	14	77248083	77253067
ENSG00000241081	14	77352720	77353093
ENSG00000223174	14	77356606	77356956
ENSG00000259058	14	77388183	77390992
ENSG00000258602	14	77425981	77432145
ENSG00000258289	14	65381079	65411309
ENSG00000100890	14	35591052	35743271
ENSG00000260285	14	103991347	103995409
ENSG00000252469	14	104016682	104016743
ENSG00000258851	14	104019758	104028214
ENSG00000201184	14	104033742	104033882
ENSG00000264904	14	104042305	104042396
ENSG00000246451	14	104148699	104150352
ENSG00000257365	14	65381203	65529368
ENSG00000266553	14	77433863	77434108
ENSG00000243225	14	77435026	77435488
ENSG00000246548	14	77507407	77535846
ENSG00000100603	14	78183942	78227550
ENSG00000270108	14	104153913	104154464
ENSG00000269910	14	104160853	104161387
ENSG00000269940	14	104160897	104161507
ENSG00000269958	14	104162690	104163500
ENSG00000269963	14	104179904	104180586
ENSG00000253096	14	104192065	104192162
ENSG00000270591	14	104229140	104229614
ENSG00000202275	14	104263609	104263685
ENSG00000258735	14	104314058	104324386
ENSG00000258534	14	104320703	104346448
ENSG00000258914	14	104341392	104343815
ENSG00000264439	14	104447135	104447220
ENSG00000242894	14	104479979	104480268
ENSG00000207568	14	104583742	104583851
ENSG00000258748	14	104603487	104604235
ENSG00000258913	14	104689921	104754406
ENSG00000258598	14	104842867	104845288
ENSG00000222761	14	104867280	104867385
ENSG00000213159	14	104917316	104917770
ENSG00000258107	14	29859552	29905618
ENSG00000125954	14	65381203	65528521
ENSG00000258473	14	77514515	77552789
ENSG00000258819	14	77535523	77542687
ENSG00000258552	14	77639418	77639995
ENSG00000201384	14	77667369	77667483
ENSG00000221754	14	77732561	77732633
ENSG00000266628	14	77817615	77817902
ENSG00000258510	14	77825766	77826259
ENSG00000212371	14	77932627	77932779
ENSG00000240233	14	78013911	78014212
ENSG00000258668	14	78119170	78119398
ENSG00000258790	14	35591755	35786680
ENSG00000100902	14	35747839	35786699
ENSG00000259037	14	105055358	105056184
ENSG00000239272	14	78149545	78150332
ENSG00000258917	14	78162934	78163720
ENSG00000199440	14	78287373	78287485
ENSG00000258421	14	78526285	78526621
ENSG00000199454	14	78644146	78644264
ENSG00000239438	14	78697624	78697962
ENSG00000258736	14	105119885	105122124
ENSG00000260792	14	105127457	105131895
ENSG00000265291	14	105144031	105144086
ENSG00000212518	14	29945990	29946118
ENSG00000257120	14	30122015	30127122
ENSG00000264797	14	30174505	30174608
ENSG00000252686	14	30281122	30281224
ENSG00000257904	14	30409951	30449418
ENSG00000248975	14	30421603	30766249
ENSG00000240201	14	30524416	30525160
ENSG00000197734	14	78227173	78236085
ENSG00000165795	14	21484922	21539031
ENSG00000258723	14	78745915	78749719
ENSG00000239163	14	78864221	78864302
ENSG00000221178	14	79084209	79084318
ENSG00000100906	14	35870717	35873955
ENSG00000257636	14	30907198	31042835
ENSG00000258350	14	31010982	31011394
ENSG00000256050	14	105147483	105151269
ENSG00000258648	14	31152251	31152804
ENSG00000258858	14	105156428	105157621
ENSG00000258558	14	31204132	31291908
ENSG00000258430	14	105235686	105236608
ENSG00000258701	14	105287538	105290055
ENSG00000176153	14	65405870	65409531
ENSG00000168348	14	36003248	36006260
ENSG00000139998	14	65412532	65439494
ENSG00000258719	14	79161664	79164465
ENSG00000258874	14	79169958	79176277
ENSG00000258478	14	79210741	79220221
ENSG00000258829	14	79538475	79541110
ENSG00000258419	14	79666325	79667975
ENSG00000258662	14	79713011	79715366
ENSG00000239365	14	105297175	105297508
ENSG00000196183	14	105302331	105303221
ENSG00000258811	14	105309000	105312253
ENSG00000259106	14	80077761	80099654
ENSG00000258637	14	80128009	80257606
ENSG00000243855	14	31260304	31260695
ENSG00000240513	14	31288920	31289120
ENSG00000258416	14	80359423	80440512
ENSG00000213867	14	31290625	31291049
ENSG00000258766	14	80677762	80921812
ENSG00000258525	14	31345385	31359014
ENSG00000258452	14	81288868	81289140
ENSG00000258915	14	81448332	81449982
ENSG00000271705	14	81467510	81468130
ENSG00000271656	14	81469669	81469989
ENSG00000259167	14	81498873	81499748
ENSG00000258886	14	31433553	31433828
ENSG00000258999	14	81573377	81636758
ENSG00000207952	14	31483852	31483948
ENSG00000221303	14	81669039	81669178
ENSG00000258968	14	31487652	31488002
ENSG00000205579	14	81712638	81712907
ENSG00000258640	14	31580775	31581445
ENSG00000270343	14	81725909	81726583
ENSG00000207440	14	31612145	31612254
ENSG00000202402	14	31713967	31714067
ENSG00000242163	14	81799305	81799705
ENSG00000257831	14	31717834	31771945
ENSG00000258605	14	81879314	81879583
ENSG00000199291	14	31727814	31727915
ENSG00000263784	14	31779519	31779590
ENSG00000258675	14	81908331	81916501
ENSG00000250365	14	31889492	31922089
ENSG00000258977	14	82071691	82089405
ENSG00000258841	14	82127772	82129218
ENSG00000258593	14	105324129	105325173
ENSG00000174373	14	36007558	36278510
ENSG00000259067	14	105370679	105371541
ENSG00000257556	14	105559946	105565341
ENSG00000258154	14	105579027	105579201
ENSG00000257622	14	105618531	105647531
ENSG00000242085	14	105840955	105841308
ENSG00000258718	14	82194124	82209482
ENSG00000256498	14	105861979	105862477
ENSG00000251602	14	105883221	105886076
ENSG00000239323	14	31932001	31932577
ENSG00000257270	14	105934130	105936954
ENSG00000258196	14	32022564	32027704
ENSG00000230157	14	106003198	106003576
ENSG00000257155	14	32027713	32030540
ENSG00000223087	14	32131244	32131349
ENSG00000207412	14	32155898	32156004
ENSG00000234402	14	106012947	106016031
ENSG00000257472	14	32395007	32399352
ENSG00000263413	14	106056273	106056350
ENSG00000258655	14	32544625	32545999
ENSG00000266597	14	106057407	106057466
ENSG00000201654	14	32671251	32671357
ENSG00000227468	14	106064028	106066546
ENSG00000202337	14	32672369	32672475
ENSG00000259035	14	82207346	82496693
ENSG00000241891	14	82243360	82243957
ENSG00000258501	14	82382575	82384232
ENSG00000238978	14	82928432	82928532
ENSG00000254140	14	106067809	106071694
ENSG00000258743	14	83108964	83173169
ENSG00000268208	14	78227711	78228033
ENSG00000253364	14	106110833	106115394
ENSG00000259032	14	83159048	83159399
ENSG00000253755	14	106130970	106136180
ENSG00000258683	14	83254822	83262565
ENSG00000258600	14	83483450	83484488
ENSG00000258426	14	83484545	83505946
ENSG00000252369	14	83514923	83514984
ENSG00000213140	14	106138645	106139651
ENSG00000238561	14	84216728	84216845
ENSG00000258549	14	84271840	84271984
ENSG00000258532	14	84373216	84381394
ENSG00000063761	14	78266426	78401355
ENSG00000125952	14	65472892	65569413
ENSG00000258619	14	32710730	32712299
ENSG00000259086	14	32741061	32741510
ENSG00000258580	14	32842543	32887180
ENSG00000265770	14	32911547	32911843
ENSG00000259045	14	32953304	32954006
ENSG00000265244	14	34446516	34446597
ENSG00000258897	14	34509303	34528506
ENSG00000223593	14	34885893	34886808
ENSG00000237450	14	34955185	34955653
ENSG00000259002	14	35011023	35011650
ENSG00000258612	14	35013705	35015183
ENSG00000206596	14	35015920	35016083
ENSG00000206588	14	35025432	35025595
ENSG00000259135	14	35025980	35030504
ENSG00000240463	14	35037895	35038335
ENSG00000253003	14	35145097	35145200
ENSG00000241582	14	35163376	35163850
ENSG00000243824	14	35209542	35210039
ENSG00000263691	14	35270737	35270791
ENSG00000251726	14	35314506	35314566
ENSG00000258738	14	35343549	35345665
ENSG00000258704	14	35390064	35451738
ENSG00000196405	14	100437786	100610573
ENSG00000258493	14	35390071	35390212
ENSG00000253701	14	106170301	106170939
ENSG00000264024	14	106178260	106178329
ENSG00000253692	14	106185955	106188864
ENSG00000270371	14	106251842	106252168
ENSG00000265612	14	106323682	106323741
ENSG00000266706	14	106323742	106323801
ENSG00000265517	14	106323912	106323971
ENSG00000264473	14	106324334	106324411
ENSG00000263751	14	106324504	106324581
ENSG00000266408	14	106324723	106324792
ENSG00000264781	14	106325653	106325722
ENSG00000265714	14	106325958	106326024
ENSG00000237111	14	106329626	106329675
ENSG00000237547	14	106331003	106331062
ENSG00000227335	14	106331834	106331888
ENSG00000244620	14	106355942	106362435
ENSG00000254279	14	106411066	106411245
ENSG00000233988	14	106435819	106438358
ENSG00000225200	14	106444607	106445233
ENSG00000021645	14	78708734	80330762
ENSG00000258762	14	84639185	84639950
ENSG00000253780	14	106467677	106467967
ENSG00000258923	14	84640135	84641854
ENSG00000253387	14	106495898	106495996
ENSG00000033170	14	65877310	66210839
ENSG00000259012	14	84642763	84643432
ENSG00000251895	14	85206286	85206396
ENSG00000258506	14	85417618	85417717
ENSG00000271712	14	85464622	85465640
ENSG00000259044	14	85669193	85705818
ENSG00000252529	14	85738276	85738405
ENSG00000258902	14	85828801	85983278
ENSG00000258814	14	85853619	85855109
ENSG00000259107	14	85860223	85886418
ENSG00000205562	14	85991477	85996332
ENSG00000258733	14	86401054	86596117
ENSG00000258912	14	86481030	86529304
ENSG00000258994	14	86798720	86867629
ENSG00000254053	14	106501831	106502091
ENSG00000253763	14	106511782	106512231
ENSG00000254117	14	106559546	106559975
ENSG00000254215	14	106576803	106577069
ENSG00000254174	14	106579014	106579303
ENSG00000253412	14	106598995	106599285
ENSG00000253709	14	106602580	106602820
ENSG00000253458	14	106620270	106620489
ENSG00000254210	14	106627589	106627721
ENSG00000211448	14	80663873	80854100
ENSG00000259061	14	87402984	87455469
ENSG00000258496	14	87717447	87718023
ENSG00000258958	14	87790097	87798734
ENSG00000258859	14	87819414	88039366
ENSG00000254046	14	106631031	106631449
ENSG00000235506	14	106636402	106637113
ENSG00000253883	14	106653371	106653661
ENSG00000271201	14	106663246	106665214
ENSG00000221180	14	106663421	106663529
ENSG00000253996	14	106669468	106669951
ENSG00000253957	14	106714360	106714821
ENSG00000253345	14	106719955	106720219
ENSG00000254045	14	106721281	106721308
ENSG00000238275	14	106743406	106744252
ENSG00000229084	14	106744269	106744975
ENSG00000253441	14	106745623	106746073
ENSG00000253367	14	106750162	106750402
ENSG00000253462	14	106765678	106765927
ENSG00000253482	14	106770914	106771238
ENSG00000254326	14	106774086	106774499
ENSG00000254214	14	106785676	106785916
ENSG00000253464	14	106787368	106787804
ENSG00000253491	14	106798646	106798877
ENSG00000253587	14	106800319	106800757
ENSG00000253149	14	106810597	106810633
ENSG00000254289	14	106812091	106812517
ENSG00000100916	14	36295524	36401531
ENSG00000254203	14	106823315	106823594
ENSG00000100629	14	80943330	81425861
ENSG00000253440	14	106825038	106825477
ENSG00000253325	14	106833231	106833664
ENSG00000253240	14	106848685	106849142
ENSG00000253359	14	106852588	106853026
ENSG00000253989	14	106873942	106873995
ENSG00000253467	14	106881270	106881468
ENSG00000228757	14	106892325	106892465
ENSG00000253294	14	106896861	106896918
ENSG00000253705	14	106899044	106899493
ENSG00000228966	14	106916017	106916980
ENSG00000254228	14	106919183	106919483
ENSG00000258847	14	66424015	66471241
ENSG00000253597	14	106928717	106928888
ENSG00000253588	14	106934226	106934399
ENSG00000187156	14	106938445	106977000
ENSG00000168350	14	100612756	100626500
ENSG00000171723	14	66974125	67648520
ENSG00000253465	14	106945352	106945763
ENSG00000253895	14	106950148	106950397
ENSG00000151332	14	36767770	36789882
ENSG00000253808	14	106971752	106971788
ENSG00000229092	14	106974509	106974954
ENSG00000253862	14	106987143	106987473
ENSG00000253386	14	107020363	107020586
ENSG00000253241	14	107022105	107022543
ENSG00000254167	14	107039493	107039794
ENSG00000253941	14	107040702	107040960
ENSG00000199980	14	35402650	35402749
ENSG00000226677	14	35408530	35409693
ENSG00000241052	14	35613227	35613686
ENSG00000259090	14	35627110	35628305
ENSG00000256243	14	35704386	35704857
ENSG00000240392	14	35731668	35732242
ENSG00000100811	14	100704635	100749129
ENSG00000253545	14	107042360	107042810
ENSG00000253714	14	107055682	107055936
ENSG00000253689	14	107057358	107057795
ENSG00000254395	14	107062111	107062561
ENSG00000253131	14	107065772	107066206
ENSG00000253759	14	107074907	107075186
ENSG00000253742	14	107087202	107087658
ENSG00000265530	14	35760692	35760782
ENSG00000258860	14	35831438	35832834
ENSG00000240023	14	35857327	35858275
ENSG00000259022	14	35899466	35899837
ENSG00000259017	14	35916209	35916831
ENSG00000259105	14	35937478	35938536
ENSG00000258783	14	35981031	35982295
ENSG00000253059	14	36225533	36225669
ENSG00000257957	14	36235001	36236316
ENSG00000238718	14	36256065	36256168
ENSG00000266264	14	36278418	36278506
ENSG00000258938	14	36288430	36295971
ENSG00000258300	14	36289043	36289426
ENSG00000257272	14	36343063	36344509
ENSG00000257307	14	36350207	36350915
ENSG00000258342	14	36367188	36532949
ENSG00000257614	14	36416762	36419250
ENSG00000257720	14	36523403	36524519
ENSG00000257826	14	36530232	36536396
ENSG00000257585	14	36539633	36634494
ENSG00000259104	14	36605314	36645674
ENSG00000212071	14	36665686	36665774
ENSG00000197119	14	100757448	100772884
ENSG00000229415	14	36942493	36983034
ENSG00000258844	14	36683813	36704814
ENSG00000252312	14	36700761	36700980
ENSG00000188831	14	36840370	36841588
ENSG00000238540	14	36874419	36874479
ENSG00000257520	14	36942412	36988726
ENSG00000253563	14	36988483	36992221
ENSG00000258467	14	37002711	37003743
ENSG00000243730	14	37046748	37047210
ENSG00000201395	14	37063044	37063352
ENSG00000258661	14	37116288	37128006
ENSG00000258690	14	37257849	37276368
ENSG00000258601	14	37278076	37297934
ENSG00000266327	14	37421514	37421596
ENSG00000258827	14	37566267	37567768
ENSG00000140107	14	100789674	100796715
ENSG00000252746	14	37656424	37656519
ENSG00000207046	14	37903674	37903778
ENSG00000259087	14	38025363	38036300
ENSG00000258414	14	38033252	38048330
ENSG00000199480	14	107092677	107092791
ENSG00000254329	14	107093723	107093978
ENSG00000253132	14	107099145	107099588
ENSG00000253747	14	107106555	107106789
ENSG00000253936	14	107108252	107108696
ENSG00000253209	14	107122108	107122548
ENSG00000253169	14	107127813	107128060
ENSG00000253274	14	107136620	107137059
ENSG00000223506	14	107139412	107140367
ENSG00000253820	14	107142534	107142579
ENSG00000254036	14	107143130	107143217
ENSG00000136352	14	36985602	36990354
ENSG00000165409	14	81421333	81612646
ENSG00000200385	14	38189630	38189766
ENSG00000201431	14	38297003	38297109
ENSG00000259091	14	38365265	38371577
ENSG00000258696	14	38472318	38474052
ENSG00000259048	14	38503492	38663486
ENSG00000258649	14	38660188	38672128
ENSG00000264234	14	38716912	38716980
ENSG00000259072	14	38760157	38781134
ENSG00000271468	14	39074459	39075302
ENSG00000258948	14	39196479	39197685
ENSG00000136327	14	37049784	37051812
ENSG00000198807	14	37126773	37148920
ENSG00000259070	14	39218545	39417477
ENSG00000140105	14	100800125	100843142
ENSG00000172717	14	67656110	67695267
ENSG00000258680	14	39304593	39304992
ENSG00000270713	14	39442603	39443289
ENSG00000199285	14	39456485	39456587
ENSG00000259121	14	39560105	39560305
ENSG00000258651	14	39572344	39573016
ENSG00000183032	14	37147636	37642071
ENSG00000258591	14	39577546	39577911
ENSG00000241984	14	39625946	39627056
ENSG00000259083	14	39644089	39645084
ENSG00000258671	14	39680985	39681459
ENSG00000270503	14	39684269	39685539
ENSG00000258940	14	39734907	39736265
ENSG00000271424	14	39839483	39839960
ENSG00000221645	14	39853282	39853350
ENSG00000259100	14	39854608	39856306
ENSG00000258526	14	39944044	39982984
ENSG00000258418	14	40855456	40855998
ENSG00000258480	14	40856762	40858344
ENSG00000251363	14	41424103	41445082
ENSG00000258708	14	37641093	37643016
ENSG00000179636	14	21492268	21504435
ENSG00000151338	14	37667118	38021566
ENSG00000255472	14	21500977	21502054
ENSG00000206150	14	21500979	21502944
ENSG00000165799	14	21510385	21512393
ENSG00000173431	14	21525981	21526614
ENSG00000258385	14	41765489	41767937
ENSG00000221695	14	41818497	41818570
ENSG00000258901	14	42024865	42025258
ENSG00000258636	14	42057064	42074059
ENSG00000072415	14	67707826	67802536
ENSG00000251858	14	42063666	42063794
ENSG00000258536	14	42211842	42212166
ENSG00000266500	14	42421679	42421763
ENSG00000165801	14	21538429	21558399
ENSG00000259149	14	42728934	42737789
ENSG00000222084	14	42769954	42770065
ENSG00000258394	14	42832186	43172858
ENSG00000258850	14	42881776	42998091
ENSG00000258505	14	43078071	43078780
ENSG00000258622	14	43126966	43127121
ENSG00000258934	14	43276581	43277315
ENSG00000165417	14	81641796	81687721
ENSG00000140022	14	81727000	81902809
ENSG00000100554	14	67761088	67826982
ENSG00000259047	14	43458404	43458686
ENSG00000258406	14	43744027	43744900
ENSG00000259051	14	43769466	43769798
ENSG00000258828	14	44010086	44011029
ENSG00000258387	14	44061345	44061465
ENSG00000258894	14	44064339	44065886
ENSG00000258969	14	44464984	44853748
ENSG00000259019	14	44546737	44547087
ENSG00000259137	14	44589413	44589964
ENSG00000259148	14	44760200	44760921
ENSG00000259126	14	44861734	44862919
ENSG00000258487	14	44913950	44949821
ENSG00000258747	14	44976610	45007716
ENSG00000238501	14	45036116	45036209
ENSG00000258998	14	45232360	45252032
ENSG00000259000	14	45329519	45335450
ENSG00000258633	14	45346077	45366280
ENSG00000258509	14	45356637	45356944
ENSG00000259046	14	45357759	45358244
ENSG00000258949	14	45368111	45381066
ENSG00000249163	14	45552248	45553180
ENSG00000212615	14	45557446	45557511
ENSG00000239043	14	45580086	45580171
ENSG00000199739	14	45743562	45743680
ENSG00000258608	14	45759239	45759589
ENSG00000260046	14	45838418	45840042
ENSG00000257900	14	45846471	45858489
ENSG00000258746	14	45971945	45972343
ENSG00000258845	14	46037198	46038272
ENSG00000258616	14	46175453	46185155
ENSG00000165804	14	21558205	21572881
ENSG00000264420	14	46285346	46285432
ENSG00000258700	14	46410146	46971026
ENSG00000251735	14	47429626	47429749
ENSG00000258392	14	47465657	47466377
ENSG00000244053	14	47669778	47670307
ENSG00000214903	14	47913309	47913697
ENSG00000263945	14	48230198	48230307
ENSG00000259129	14	48234157	48264295
ENSG00000259117	14	48271129	48271404
ENSG00000258639	14	48514684	48515419
ENSG00000270359	14	48788271	48788597
ENSG00000207366	14	48810429	48810535
ENSG00000258751	14	48865711	48960970
ENSG00000258750	14	48867513	48868578
ENSG00000242417	14	48959086	48959637
ENSG00000251731	14	48963136	48963267
ENSG00000258381	14	49288563	49288796
ENSG00000251824	14	49410650	49410717
ENSG00000258868	14	49524431	49544223
ENSG00000258401	14	49840684	49841101
ENSG00000252424	14	50019351	50019466
ENSG00000244270	14	50044110	50044512
ENSG00000258486	14	50053297	50053596
ENSG00000252919	14	50058954	50059055
ENSG00000258568	14	50066712	50067290
ENSG00000232070	14	21567096	21571883
ENSG00000169327	14	21623026	21624222
ENSG00000134001	14	67826714	67853233
ENSG00000129514	14	38059189	38069245
ENSG00000092199	14	21677295	21737653
ENSG00000071537	14	81937893	82000205
ENSG00000139865	14	38065052	38510647
ENSG00000100558	14	67853700	67878917
ENSG00000198133	14	67913801	68000456
ENSG00000258377	14	50087533	50090198
ENSG00000258450	14	50096009	50096608
ENSG00000259155	14	50144087	50144611
ENSG00000258462	14	50148020	50148604
ENSG00000258945	14	85994943	85995730
ENSG00000185070	14	85996488	86095034
ENSG00000258804	14	87372122	87389099
ENSG00000176473	14	100842755	100996640
ENSG00000054690	14	68000018	68056329
ENSG00000054983	14	88304164	88460009
ENSG00000139874	14	38677204	38682272
ENSG00000176435	14	38723308	38725574
ENSG00000100934	14	39501123	39578850
ENSG00000092200	14	21756098	21819460
ENSG00000092208	14	39583427	39606177
ENSG00000183092	14	101003486	101053750
ENSG00000100564	14	68048672	68067004
ENSG00000185559	14	101192042	101201539
ENSG00000081181	14	68086515	68118437
ENSG00000092201	14	21819631	21852425
ENSG00000182400	14	39617015	39639736
ENSG00000100568	14	68113792	68141548
ENSG00000140030	14	88471468	88478419
ENSG00000100941	14	39644387	39652422
ENSG00000258466	14	68126537	68157084
ENSG00000100433	14	88649113	88793251
ENSG00000072042	14	68143518	68162531
ENSG00000042317	14	88851268	88936694
ENSG00000100888	14	21853353	21924285
ENSG00000267918	14	101295066	101295537
ENSG00000254656	14	101346992	101351184
ENSG00000269375	14	101359265	101360646
ENSG00000139988	14	68168603	68201169
ENSG00000197406	14	102027688	102029789
ENSG00000258512	14	102196774	102198859
ENSG00000150526	14	39699435	39722859
ENSG00000078304	14	102228135	102394326
ENSG00000258941	14	39703106	39820397
ENSG00000072121	14	68194091	68283307
ENSG00000129472	14	21927179	21945132
ENSG00000092203	14	21944756	21967319
ENSG00000070778	14	88932122	89021077
ENSG00000165819	14	21966277	21979517
ENSG00000165821	14	21989232	22005350
ENSG00000150527	14	39734488	39856156
ENSG00000169208	14	22037934	22038875
ENSG00000255569	14	22089991	22090720
ENSG00000255582	14	22101992	22103096
ENSG00000100722	14	89029253	89079853
ENSG00000256553	14	22111109	22111798
ENSG00000221977	14	22133297	22134238
ENSG00000211776	14	22180544	22181066
ENSG00000211777	14	22191960	22192568
ENSG00000211778	14	22204434	22205264
ENSG00000211779	14	22217462	22217989
ENSG00000211780	14	22236729	22237320
ENSG00000211781	14	22251210	22251720
ENSG00000211782	14	22265459	22266058
ENSG00000211783	14	22279674	22280149
ENSG00000211784	14	22293636	22294239
ENSG00000211785	14	22309422	22309956
ENSG00000182185	14	68286496	69196935
ENSG00000197102	14	102430865	102517129
ENSG00000211786	14	22314719	22315403
ENSG00000211787	14	22320735	22321183
ENSG00000211788	14	22337020	22337546
ENSG00000211789	14	22356037	22356682
ENSG00000211790	14	22362613	22363210
ENSG00000211791	14	22386363	22386931
ENSG00000211792	14	22392239	22392827
ENSG00000211793	14	22409313	22409848
ENSG00000211794	14	22433680	22434290
ENSG00000211795	14	22446699	22447360
ENSG00000211796	14	22458735	22459177
ENSG00000211797	14	22465778	22466407
ENSG00000211798	14	22471345	22471912
ENSG00000211799	14	22475751	22476420
ENSG00000211800	14	22508840	22509399
ENSG00000211801	14	22520773	22521315
ENSG00000211802	14	22538820	22539471
ENSG00000211803	14	22554684	22555238
ENSG00000211804	14	22564309	22564896
ENSG00000211805	14	22573620	22574123
ENSG00000211806	14	22580300	22580984
ENSG00000211807	14	22591276	22592243
ENSG00000211808	14	22600515	22600996
ENSG00000211809	14	22615949	22616587
ENSG00000211810	14	22631134	22631766
ENSG00000259092	14	22636325	22636884
ENSG00000211812	14	22670477	22671262
ENSG00000211813	14	22675418	22676025
ENSG00000211814	14	22689792	22690371
ENSG00000211815	14	22694641	22695149
ENSG00000211816	14	22739851	22740446
ENSG00000211817	14	22748988	22749631
ENSG00000211818	14	22771939	22772438
ENSG00000211819	14	22782922	22783351
ENSG00000211820	14	22788620	22789123
ENSG00000211821	14	22891362	22892033
ENSG00000223997	14	22907539	22907546
ENSG00000237235	14	22907999	22908007
ENSG00000228985	14	22918105	22918117
ENSG00000211825	14	22919081	22919131
ENSG00000211826	14	22924241	22924288
ENSG00000211827	14	22925681	22925734
ENSG00000211828	14	22928090	22928148
ENSG00000211829	14	22931924	22934779
ENSG00000256590	14	22938033	22938690
ENSG00000211831	14	22944306	22944365
ENSG00000211832	14	22945543	22945596
ENSG00000185650	14	69254377	69263190
ENSG00000211833	14	22946696	22946758
ENSG00000211834	14	22947861	22947923
ENSG00000211835	14	22948510	22948571
ENSG00000211836	14	22951276	22951335
ENSG00000211837	14	22951993	22952058
ENSG00000211838	14	22955216	22955284
ENSG00000211839	14	22957581	22957640
ENSG00000211840	14	22958476	22958531
ENSG00000211841	14	22959479	22959541
ENSG00000211842	14	22961838	22961894
ENSG00000211843	14	22962389	22962451
ENSG00000211844	14	22962911	22962976
ENSG00000211845	14	22963806	22963868
ENSG00000211846	14	22964896	22964949
ENSG00000211847	14	22965872	22965937
ENSG00000211848	14	22966642	22966703
ENSG00000211849	14	22968672	22968732
ENSG00000211850	14	22970585	22970647
ENSG00000211851	14	22971215	22971276
ENSG00000211852	14	22972735	22972797
ENSG00000211853	14	22974096	22974155
ENSG00000211854	14	22975629	22975687
ENSG00000211855	14	22976651	22976708
ENSG00000211856	14	22977587	22977643
ENSG00000211857	14	22978325	22978390
ENSG00000211858	14	22979951	22980007
ENSG00000211859	14	22981834	22981890
ENSG00000211860	14	22982921	22982980
ENSG00000211861	14	22984601	22984666
ENSG00000211862	14	22985251	22985309
ENSG00000211863	14	22987424	22987483
ENSG00000211864	14	22987790	22987849
ENSG00000211865	14	22988947	22989009
ENSG00000211866	14	22989394	22989456
ENSG00000211867	14	22991016	22991078
ENSG00000211868	14	22992573	22992627
ENSG00000211869	14	22993296	22993352
ENSG00000211870	14	22994233	22994292
ENSG00000211871	14	22994620	22994685
ENSG00000211872	14	22995812	22995874
ENSG00000072110	14	69340860	69446157
ENSG00000211873	14	22997487	22997546
ENSG00000211875	14	22999278	22999329
ENSG00000211876	14	23000026	23000088
ENSG00000165355	14	39866873	39901704
ENSG00000211877	14	23000889	23000948
ENSG00000211878	14	23001452	23001511
ENSG00000211879	14	23002445	23002508
ENSG00000211880	14	23004502	23004562
ENSG00000080824	14	102547075	102606036
ENSG00000211881	14	23005092	23005151
ENSG00000211882	14	23006567	23006625
ENSG00000211883	14	23008016	23008077
ENSG00000211884	14	23009190	23009249
ENSG00000211885	14	23011142	23011204
ENSG00000211886	14	23012122	23012183
ENSG00000211887	14	23013015	23013080
ENSG00000211888	14	23013981	23014042
ENSG00000229164	14	23016447	23021097
ENSG00000259003	14	23025534	23027939
ENSG00000129562	14	23033805	23058175
ENSG00000100439	14	23067146	23081265
ENSG00000165379	14	42076773	42373752
ENSG00000189139	14	44973545	44976482
ENSG00000179476	14	45366498	45376460
ENSG00000255804	14	23102673	23103716
ENSG00000179454	14	45393522	45511525
ENSG00000155463	14	23235731	23241007
ENSG00000198718	14	45431411	45543634
ENSG00000140153	14	102605840	102691184
ENSG00000185246	14	45553302	45585485
ENSG00000165521	14	89078775	89259096
ENSG00000139990	14	69517598	69619867
ENSG00000100442	14	45584803	45604522
ENSG00000081177	14	69658228	69709075
ENSG00000155465	14	23242431	23299029
ENSG00000187790	14	45605143	45670093
ENSG00000080823	14	102690837	102771537
ENSG00000215306	14	23286463	23291750
ENSG00000172590	14	23299088	23304246
ENSG00000100626	14	69725994	69821183
ENSG00000157227	14	23305766	23318236
ENSG00000129534	14	45672393	45722743
ENSG00000197324	14	23340822	23350789
ENSG00000100632	14	69846848	69865344
ENSG00000139890	14	23352374	23356895
ENSG00000029364	14	69864732	69929105
ENSG00000100461	14	23369854	23388393
ENSG00000165533	14	89290497	89344335
ENSG00000175985	14	69951409	69995215
ENSG00000255994	14	70037483	70038032
ENSG00000267909	14	70038216	70040339
ENSG00000100647	14	70078313	70181859
ENSG00000022976	14	102783714	102809044
ENSG00000100650	14	70193617	70238722
ENSG00000100865	14	102808956	102829253
ENSG00000053254	14	89591215	90085493
ENSG00000196663	14	102829300	102968818
ENSG00000100652	14	70242134	70264006
ENSG00000198732	14	70320848	70499083
ENSG00000156381	14	102973179	102976136
ENSG00000100462	14	23389720	23398794
ENSG00000089902	14	103058998	103196913
ENSG00000258792	14	90095265	90109015
ENSG00000140025	14	90261013	90421121
ENSG00000131323	14	103243813	103377837
ENSG00000042088	14	90421283	90511106
ENSG00000092036	14	23415437	23426370
ENSG00000166126	14	103388993	103399933
ENSG00000100678	14	70510934	70655787
ENSG00000198752	14	103398716	103523799
ENSG00000133983	14	70791798	70826448
ENSG00000259132	14	23415479	23451467
ENSG00000152315	14	90528109	90652201
ENSG00000100764	14	90722839	90738968
ENSG00000213463	14	70838148	70883778
ENSG00000139985	14	70918874	70926622
ENSG00000134007	14	70989075	71001732
ENSG00000133997	14	71047974	71067384
ENSG00000129474	14	23440383	23451851
ENSG00000100802	14	23456110	23479375
ENSG00000133985	14	71108504	71142077
ENSG00000006432	14	71189243	71276251
ENSG00000205436	14	103566481	103576896
ENSG00000119720	14	90742580	90798481
ENSG00000185215	14	103589779	103603776
ENSG00000100731	14	71374122	71582099
ENSG00000100664	14	103799881	103811362
ENSG00000198668	14	90862846	90874605
ENSG00000267901	14	71683031	71683462
ENSG00000197555	14	71787166	72207946
ENSG00000100804	14	23485752	23504439
ENSG00000165914	14	91006932	91282823
ENSG00000075413	14	103851729	103970168
ENSG00000222028	14	23511376	23513269
ENSG00000139880	14	23516271	23526747
ENSG00000100813	14	23527773	23564823
ENSG00000165496	14	47120222	47121028
ENSG00000139915	14	47308826	48144157
ENSG00000179933	14	23563974	23569665
ENSG00000182732	14	72399156	73030654
ENSG00000100784	14	91336799	91526980
ENSG00000213741	14	50043390	50065408
ENSG00000253459	14	50064193	50065882
ENSG00000165501	14	50065415	50081390
ENSG00000165502	14	50085237	50087403
ENSG00000168282	14	50087489	50090198
ENSG00000092067	14	23586513	23588825
ENSG00000165506	14	50091892	50101948
ENSG00000092068	14	23594504	23652883
ENSG00000100479	14	50110273	50155140
ENSG00000166165	14	103985996	103989448
ENSG00000215277	14	23654525	23742686
ENSG00000215271	14	23741666	23768656
ENSG00000133943	14	91526677	91691976
ENSG00000166166	14	103995521	104003410
ENSG00000197776	14	50159823	50219870
ENSG00000166170	14	104022881	104029168
ENSG00000235194	14	23764852	23772057
ENSG00000257040	14	72456191	72458326
ENSG00000129473	14	23767999	23780968
ENSG00000205683	14	73086004	73360809
ENSG00000165516	14	50234326	50249909
ENSG00000258643	14	23776044	23794578
ENSG00000100836	14	23790498	23795394
ENSG00000268702	14	23790839	23791484
ENSG00000126214	14	104028233	104167888
ENSG00000092096	14	23815515	23822121
ENSG00000119599	14	73393040	73426411
ENSG00000100842	14	23825611	23834961
ENSG00000166090	14	23842018	23845612
ENSG00000166091	14	23846017	23848981
ENSG00000165525	14	50249997	50319921
ENSG00000197616	14	23851199	23877486
ENSG00000165861	14	73436159	73493920
ENSG00000092054	14	23881947	23904927
ENSG00000119714	14	91698876	91720269
ENSG00000269832	14	50291993	50293258
ENSG00000197502	14	50300810	50311552
ENSG00000165527	14	50359810	50361490
ENSG00000214900	14	50448430	50474238
ENSG00000168260	14	50550369	50559361
ENSG00000100483	14	50575350	50583318
ENSG00000258875	14	91709103	91717426
ENSG00000015133	14	91737667	91884188
ENSG00000100485	14	50583847	50698276
ENSG00000129460	14	23938897	23979071
ENSG00000119707	14	73525144	73588122
ENSG00000256500	14	104029299	104152261
ENSG00000087299	14	50704281	50779266
ENSG00000125375	14	50779044	50802276
ENSG00000136367	14	23990066	24025401
ENSG00000256053	14	104029299	104073860
ENSG00000259431	14	24025216	24029480
ENSG00000213983	14	24028774	24037279
ENSG00000126215	14	104163946	104181841
ENSG00000100490	14	50796310	50883179
ENSG00000100796	14	91923955	91976898
ENSG00000012983	14	50885219	51027844
ENSG00000080815	14	73603126	73690399
ENSG00000268657	14	92038788	92041383
ENSG00000133962	14	92047040	92247051
ENSG00000198513	14	50999227	51099786
ENSG00000092051	14	24037244	24048009
ENSG00000100867	14	24099324	24114848
ENSG00000224997	14	104177607	104179149
ENSG00000165929	14	92246095	92333880
ENSG00000100711	14	104182067	104200005
ENSG00000151748	14	51098776	51135049
ENSG00000140092	14	92335756	92414331
ENSG00000197775	14	24407940	24409196
ENSG00000157326	14	24422795	24438488
ENSG00000100503	14	51186481	51297839
ENSG00000088808	14	104200089	104313927
ENSG00000100815	14	92432335	92507240
ENSG00000187630	14	24439148	24475617
ENSG00000100767	14	73704205	73741348
ENSG00000186648	14	24521206	24538937
ENSG00000156411	14	104378625	104394606
ENSG00000156414	14	104394799	104519004
ENSG00000100884	14	24540046	24547309
ENSG00000227729	14	104406763	104408645
ENSG00000166183	14	104552016	104579098
ENSG00000129535	14	24549316	24584223
ENSG00000066735	14	104605060	104647231
ENSG00000100889	14	24563262	24579807
ENSG00000133961	14	73741815	73930348
ENSG00000100504	14	51324609	51411454
ENSG00000228032	14	104710541	104712473
ENSG00000258986	14	104941015	105071984
ENSG00000184601	14	105046021	105056852
ENSG00000131969	14	51338878	51371688
ENSG00000100897	14	24583404	24594451
ENSG00000203485	14	105155943	105185942
ENSG00000100505	14	51441980	51562779
ENSG00000187105	14	73945189	74025651
ENSG00000184227	14	74003818	74010498
ENSG00000139921	14	51706880	51722759
ENSG00000119673	14	74034324	74042357
ENSG00000139926	14	51955818	52197445
ENSG00000185100	14	105190523	105213662
ENSG00000177465	14	74058410	74063200
ENSG00000205669	14	74077649	74086592
ENSG00000119661	14	74111578	74170435
ENSG00000176903	14	74178494	74181128
ENSG00000156030	14	74181825	74256988
ENSG00000186469	14	52292913	52446060
ENSG00000259371	14	24590560	24601038
ENSG00000139914	14	24600484	24602058
ENSG00000066427	14	92524896	92572965
ENSG00000258928	14	52382863	52385289
ENSG00000092010	14	24605367	24608176
ENSG00000267802	14	52436014	52436247
ENSG00000087302	14	52456193	52471420
ENSG00000184990	14	105219437	105234831
ENSG00000140043	14	74318547	74353530
ENSG00000100908	14	24608174	24610797
ENSG00000142208	14	105235686	105262088
ENSG00000100911	14	24612574	24616779
ENSG00000087303	14	52471521	52535712
ENSG00000258653	14	74318674	74398981
ENSG00000168229	14	52734431	52743442
ENSG00000119725	14	74353320	74399214
ENSG00000125384	14	52781023	52795324
ENSG00000087301	14	52897308	53019240
ENSG00000179627	14	105266933	105271049
ENSG00000099814	14	105331617	105363107
ENSG00000092098	14	24615892	24629870
ENSG00000180998	14	53019866	53104431
ENSG00000166428	14	105391153	105399574
ENSG00000197930	14	53106634	53162618
ENSG00000259529	14	24620427	24636611
ENSG00000213928	14	24630262	24635774
ENSG00000185567	14	105403581	105444694
ENSG00000100519	14	53173890	53195305
ENSG00000156050	14	74398204	74417117
ENSG00000140104	14	105452112	105476819
ENSG00000119723	14	74416629	74430373
ENSG00000100918	14	24641062	24649463
ENSG00000198252	14	53196898	53241716
ENSG00000100522	14	53241912	53258386
ENSG00000170779	14	105475910	105487485
ENSG00000073712	14	53323986	53419153
ENSG00000183484	14	105515728	105531782
ENSG00000184916	14	105607318	105635161
ENSG00000196497	14	24649425	24658170
ENSG00000100523	14	53510686	53620000
ENSG00000187097	14	74424713	74486102
ENSG00000183828	14	105639275	105647660
ENSG00000119636	14	74486056	74549566
ENSG00000125378	14	54416454	54425479
ENSG00000100526	14	54863567	54886936
ENSG00000259522	14	24649601	24659622
ENSG00000185024	14	105675623	105781926
ENSG00000100926	14	24658349	24682679
ENSG00000119711	14	74523553	74551196
ENSG00000254692	14	24658363	24682679
ENSG00000205659	14	74551499	74667936
ENSG00000139908	14	24674903	24677568
ENSG00000100528	14	54893654	54908149
ENSG00000254505	14	24678789	24683075
ENSG00000197045	14	54941202	54955914
ENSG00000119614	14	74706175	74729441
ENSG00000213920	14	24683143	24685276
ENSG00000255526	14	24683161	24701558
ENSG00000119688	14	74752126	74769759
ENSG00000100532	14	54976530	55005567
ENSG00000129559	14	24686058	24701660
ENSG00000020577	14	55033815	55260033
ENSG00000100938	14	24701628	24708448
ENSG00000131979	14	55308726	55369570
ENSG00000184887	14	105714827	105717430
ENSG00000179364	14	105766900	105864484
ENSG00000092330	14	24708849	24711880
ENSG00000198554	14	55405668	55493823
ENSG00000133980	14	74769772	74826711
ENSG00000183379	14	74872596	74892805
ENSG00000119655	14	74942895	74960880
ENSG00000165898	14	74960423	74963809
ENSG00000226174	14	105864916	105916443
ENSG00000092295	14	24718320	24733638
ENSG00000180008	14	55493948	55516206
ENSG00000168175	14	55518349	55536910
ENSG00000131981	14	55590828	55612126
ENSG00000182979	14	105886159	105937066
ENSG00000100949	14	24734744	24740945
ENSG00000126787	14	55614830	55658396
ENSG00000183648	14	92582466	92588261
ENSG00000119681	14	74964873	75079306
ENSG00000165934	14	92588281	92630755
ENSG00000157379	14	24759804	24769039
ENSG00000140090	14	92788925	92962596
ENSG00000178974	14	55738021	55828636
ENSG00000126775	14	55833110	55878576
ENSG00000196943	14	24769068	24778330
ENSG00000182521	14	55880259	55923444
ENSG00000119682	14	75120140	75179818
ENSG00000136305	14	24774302	24780636
ENSG00000182809	14	105939299	105946499
ENSG00000213906	14	24774940	24781259
ENSG00000272658	14	24778161	24781252
ENSG00000213903	14	24780656	24787242
ENSG00000126777	14	56025790	56168244
ENSG00000129467	14	24787555	24804299
ENSG00000100599	14	92980118	93155339
ENSG00000214670	14	75158879	75179800
ENSG00000119616	14	75179847	75203394
ENSG00000213145	14	105952654	105955284
ENSG00000257341	14	105953536	105958604
ENSG00000258973	14	24801516	24806588
ENSG00000119596	14	75230069	75322244
ENSG00000129465	14	24805227	24809251
ENSG00000100600	14	93170152	93215047
ENSG00000185347	14	105956192	105965912
ENSG00000139946	14	56584532	56768244
ENSG00000184986	14	105992940	105996539
ENSG00000070269	14	56955072	57117324
ENSG00000211890	14	106053226	106054732
ENSG00000211891	14	106064224	106068065
ENSG00000211892	14	106090687	106092403
ENSG00000100968	14	24834879	24848810
ENSG00000119608	14	75319736	75330537
ENSG00000066455	14	93260576	93306308
ENSG00000211893	14	106109389	106111127
ENSG00000211895	14	106173457	106175002
ENSG00000100604	14	93389425	93401638
ENSG00000211896	14	106202680	106209408
ENSG00000259133	14	57115683	57197253
ENSG00000119689	14	75348594	75370448
ENSG00000165588	14	57267425	57277197
ENSG00000211897	14	106235439	106237742
ENSG00000211898	14	106303099	106312010
ENSG00000211899	14	106320349	106322323
ENSG00000211900	14	106329408	106329468
ENSG00000242472	14	106330024	106330072
ENSG00000240041	14	106330425	106330470
ENSG00000242887	14	106330797	106330845
ENSG00000198208	14	75370657	75390099
ENSG00000100605	14	93403259	93582665
ENSG00000211904	14	106331409	106331460
ENSG00000211905	14	106331617	106331668
ENSG00000236597	14	106331761	106331771
ENSG00000211907	14	106346892	106346911
ENSG00000225825	14	106347397	106347414
ENSG00000211909	14	106349761	106349780
ENSG00000227196	14	106350728	106350746
ENSG00000211911	14	106351889	106351919
ENSG00000211912	14	106354409	106354436
ENSG00000237020	14	106357049	106357065
ENSG00000211914	14	106357557	106357577
ENSG00000211915	14	106359400	106359419
ENSG00000227800	14	106360366	106360381
ENSG00000211917	14	106361492	106361528
ENSG00000211918	14	106363815	106363845
ENSG00000227108	14	106366496	106366512
ENSG00000211920	14	106367000	106367020
ENSG00000211921	14	106368507	106368529
ENSG00000232543	14	106369474	106369489
ENSG00000211923	14	106370355	106370385
ENSG00000211924	14	106370539	106370569
ENSG00000211925	14	106373069	106373099
ENSG00000237197	14	106375766	106375782
ENSG00000228131	14	106376269	106376286
ENSG00000211928	14	106378116	106378135
ENSG00000233655	14	106379081	106379096
ENSG00000211930	14	106380218	106380248
ENSG00000070367	14	57670518	57735726
ENSG00000165943	14	93648541	93651273
ENSG00000212928	14	57671888	57673291
ENSG00000153485	14	93651296	93653434
ENSG00000259066	14	93651318	93684932
ENSG00000119630	14	75408537	75422487
ENSG00000053770	14	57735627	57756797
ENSG00000139977	14	57857262	57882635
ENSG00000100557	14	57936019	57960585
ENSG00000205978	14	24867992	24888494
ENSG00000151812	14	58030640	58448912
ENSG00000170270	14	93669239	93673439
ENSG00000012963	14	93673401	93695561
ENSG00000119718	14	75469614	75476292
ENSG00000139899	14	24895738	24900160
ENSG00000100441	14	24898492	24910540
ENSG00000011114	14	93703896	93799438
ENSG00000119684	14	75480467	75518235
ENSG00000100445	14	24908972	24912111
ENSG00000258744	14	24970800	24977894
ENSG00000092009	14	24974559	24977471
ENSG00000100448	14	25042728	25045466
ENSG00000139971	14	58466453	58764857
ENSG00000100450	14	25075686	25078905
ENSG00000131966	14	58666798	58701750
ENSG00000133958	14	93799565	94174222
ENSG00000100453	14	25100160	25103473
ENSG00000168952	14	25278862	25519503
ENSG00000139910	14	26912299	27066960
ENSG00000100567	14	58711549	58738730
ENSG00000119640	14	75519924	75536186
ENSG00000119703	14	75530873	75545126
ENSG00000176165	14	29235050	29238870
ENSG00000186960	14	29241910	29282493
ENSG00000184304	14	30045687	30661104
ENSG00000119638	14	75548822	75594047
ENSG00000187581	14	93813537	93814702
ENSG00000175785	14	94184644	94254827
ENSG00000140067	14	94385240	94395954
ENSG00000100628	14	94400499	94443137
ENSG00000092140	14	31028329	31089269
ENSG00000170348	14	75598173	75643334
ENSG00000258740	14	75705319	75735986
ENSG00000170345	14	75745477	75748933
ENSG00000258987	14	94405901	94410475
ENSG00000089723	14	94492675	94515276
ENSG00000089737	14	94517266	94547591
ENSG00000140044	14	75894419	75940814
ENSG00000156127	14	75988768	76013358
ENSG00000119686	14	76044960	76129557
ENSG00000165948	14	94547628	94570192
ENSG00000268466	14	58754751	58755865
ENSG00000165949	14	94571182	94583033
ENSG00000032219	14	58765103	58840605
ENSG00000119685	14	76099968	76421421
ENSG00000196860	14	58862634	58875419
ENSG00000100575	14	58875212	58894332
ENSG00000100578	14	58894103	59015216
ENSG00000119632	14	94594116	94596590
ENSG00000119698	14	94612465	94746072
ENSG00000165617	14	59100685	59115039
ENSG00000140093	14	94749650	94759608
ENSG00000170099	14	94770585	94789731
ENSG00000100592	14	59655364	59838123
ENSG00000197249	14	94843084	94857030
ENSG00000133935	14	76116134	76127532
ENSG00000119650	14	76368479	76550928
ENSG00000181619	14	59895740	59932060
ENSG00000126790	14	59927081	59951148
ENSG00000050130	14	59951161	59972128
ENSG00000119699	14	76424442	76449334
ENSG00000089916	14	76618259	76720685
ENSG00000186910	14	94908801	94919127
ENSG00000170054	14	94929054	94946026
ENSG00000151838	14	59971257	60043549
ENSG00000165953	14	94953611	94984181
ENSG00000100665	14	95027428	95036250
ENSG00000139970	14	60062694	60337684
ENSG00000188488	14	95027779	95059457
ENSG00000273259	14	95058395	95090983
ENSG00000131951	14	60386431	60530277
ENSG00000126773	14	60558629	60635851
ENSG00000196136	14	95078714	95090392
ENSG00000133937	14	95234553	95236562
ENSG00000100612	14	60610838	60636574
ENSG00000100697	14	95552565	95624347
ENSG00000100614	14	60712470	60765805
ENSG00000179008	14	60863187	60982261
ENSG00000184302	14	60975669	60979568
ENSG00000126778	14	61110133	61124977
ENSG00000100625	14	61176246	61191066
ENSG00000020426	14	61201460	61436671
ENSG00000126814	14	61438169	61448076
ENSG00000139974	14	61447832	61550451
ENSG00000027075	14	61654277	62017694
ENSG00000182107	14	61744088	61748558
ENSG00000258989	14	61995846	62124682
ENSG00000232774	14	62037258	62125414
ENSG00000100644	14	62162231	62214976
ENSG00000023608	14	62229075	62263146
ENSG00000139973	14	62453803	62568431
ENSG00000140015	14	63173287	63568755
ENSG00000126785	14	63670832	63759937
ENSG00000154001	14	63838075	64010092
