ENSG00000265259	18	21852889	21853170
ENSG00000212051	18	21901650	21901699
ENSG00000264365	18	21944751	21947948
ENSG00000273321	18	21982117	21982678
ENSG00000199636	18	22009469	22009573
ENSG00000265094	18	22015328	22019602
ENSG00000264695	18	22069339	22071044
ENSG00000266489	18	22096847	22097970
ENSG00000266181	18	22102237	22102883
ENSG00000265485	18	22208146	22242162
ENSG00000263553	18	22253127	22254312
ENSG00000266520	18	22265736	22266315
ENSG00000266809	18	22269878	22270125
ENSG00000266573	18	22305745	22509040
ENSG00000264345	18	22513451	22567646
ENSG00000229248	18	22596398	22597168
ENSG00000265552	18	22635564	22636724
ENSG00000264434	18	22882090	22882920
ENSG00000242216	18	23398200	23398496
ENSG00000264193	18	23533180	23533432
ENSG00000243925	18	23678803	23679190
ENSG00000188985	18	23749724	23751313
ENSG00000266227	18	23784833	23785868
ENSG00000263829	18	23835662	23836319
ENSG00000266237	18	23845973	23847373
ENSG00000252921	18	23879079	23879219
ENSG00000264911	18	23928311	23928968
ENSG00000207160	18	23946265	23946370
ENSG00000263862	18	24002959	24006065
ENSG00000252846	18	24166678	24166762
ENSG00000263846	18	24179372	24180302
ENSG00000260372	18	24235706	24770662
ENSG00000168675	18	13217497	13652754
ENSG00000265369	18	24267585	24283602
ENSG00000263677	18	24268075	24269632
ENSG00000263382	18	24402777	24403943
ENSG00000266184	18	24411484	24412396
ENSG00000266549	18	24532165	24532522
ENSG00000265374	18	24805706	24827152
ENSG00000264151	18	24916343	25175128
ENSG00000264790	18	24923216	24926074
ENSG00000244329	18	24935370	24935728
ENSG00000263611	18	24977916	24981868
ENSG00000265097	18	24998848	25000399
ENSG00000263405	18	25032478	25033621
ENSG00000227279	18	25534483	25543651
ENSG00000266296	18	26231696	26233172
ENSG00000265994	18	26365032	26369224
ENSG00000271238	18	26404616	26404790
ENSG00000251719	18	26628584	26628683
ENSG00000265730	18	26675539	26675643
ENSG00000212085	18	26776406	26776492
ENSG00000266479	18	26836782	26837025
ENSG00000265980	18	26858474	26941928
ENSG00000221731	18	27063293	27063388
ENSG00000264587	18	27098224	27128206
ENSG00000266196	18	28293241	28294252
ENSG00000265670	18	28534786	28560883
ENSG00000251702	18	28564072	28564181
ENSG00000261521	18	28638806	28639359
ENSG00000238376	18	28652470	28652573
ENSG00000265888	18	28681551	28742752
ENSG00000263698	18	28711419	28712457
ENSG00000266729	18	28923331	29006951
ENSG00000207019	18	28925325	28925430
ENSG00000207240	18	28962280	28962393
ENSG00000266521	18	29076608	29077158
ENSG00000264859	18	29122109	29136874
ENSG00000252379	18	29249252	29249341
ENSG00000259985	18	29265618	29266786
ENSG00000200472	18	29298856	29299171
ENSG00000265158	18	29304161	29306919
ENSG00000263772	18	29306006	29306360
ENSG00000263924	18	29424351	29425141
ENSG00000270518	18	29462583	29462865
ENSG00000270879	18	29464821	29465106
ENSG00000222320	18	29517496	29517602
ENSG00000263823	18	29522538	29524119
ENSG00000265273	18	29542141	29543581
ENSG00000266105	18	29546923	29547508
ENSG00000263917	18	29598792	29691742
ENSG00000265063	18	29640868	29640952
ENSG00000214917	18	29655848	29656235
ENSG00000265008	18	29671258	29672082
ENSG00000238982	18	29674467	29674569
ENSG00000263393	18	29702363	29704441
ENSG00000199373	18	29756013	29756131
ENSG00000265279	18	29775989	29776929
ENSG00000263904	18	29825909	29828995
ENSG00000222395	18	29843098	29843201
ENSG00000264982	18	29867400	29870303
ENSG00000215492	18	29991471	29993167
ENSG00000260389	18	30091626	30094597
ENSG00000221621	18	30106105	30106185
ENSG00000177150	18	13663346	13726662
ENSG00000263688	18	30161491	30162791
ENSG00000101638	18	44259081	44339220
ENSG00000101654	18	13726659	13764557
ENSG00000078043	18	44388353	44500123
ENSG00000243355	18	30359002	30359249
ENSG00000263765	18	30413417	30518280
ENSG00000263450	18	30534039	30537962
ENSG00000267642	18	31132087	31158151
ENSG00000199204	18	31581662	31581763
ENSG00000267746	18	31802929	31804725
ENSG00000267585	18	32153951	32154487
ENSG00000268873	18	32317759	32347627
ENSG00000221409	18	32399910	32399995
ENSG00000268573	18	32860831	32870165
ENSG00000257267	18	32870246	32890730
ENSG00000239683	18	32963318	32963989
ENSG00000267583	18	33023833	33047052
ENSG00000266965	18	33175865	33177563
ENSG00000267397	18	33296334	33297942
ENSG00000267797	18	33421723	33422581
ENSG00000207797	18	33484781	33484889
ENSG00000265641	18	33514051	33514105
ENSG00000267627	18	33531766	33546081
ENSG00000260552	18	33759959	33767411
ENSG00000267404	18	33853537	33854562
ENSG00000267456	18	33858698	33859082
ENSG00000252078	18	34222576	34222647
ENSG00000267039	18	34481909	34503777
ENSG00000267651	18	34814082	34816205
ENSG00000267707	18	34823739	34827179
ENSG00000267202	18	34853669	34856535
ENSG00000266530	18	35237098	35237178
ENSG00000243516	18	35252652	35253139
ENSG00000268566	18	36235173	36267962
ENSG00000222704	18	36596011	36596308
ENSG00000253038	18	36613971	36614074
ENSG00000267374	18	36786888	37380282
ENSG00000175886	18	36914836	36915639
ENSG00000266148	18	37256685	37256743
ENSG00000212354	18	37258484	37258586
ENSG00000267413	18	37421138	37504804
ENSG00000261715	18	37646250	37679197
ENSG00000267664	18	37723890	37724468
ENSG00000238333	18	38052785	38052846
ENSG00000267313	18	39047395	39212149
ENSG00000267652	18	39369127	39369360
ENSG00000225253	18	39399018	39399386
ENSG00000267088	18	39669276	39669716
ENSG00000267586	18	39739247	40271387
ENSG00000167216	18	44497455	44627658
ENSG00000176136	18	13824154	13826861
ENSG00000185231	18	13882043	13915706
ENSG00000253040	18	39850554	39850680
ENSG00000202250	18	41412124	41412230
ENSG00000267716	18	41619436	41620105
ENSG00000202060	18	41651548	41651666
ENSG00000267573	18	41900765	41902222
ENSG00000267337	18	41903401	42111662
ENSG00000267414	18	42256892	42259682
ENSG00000265957	18	42550047	42550131
ENSG00000175322	18	14057456	14132489
ENSG00000267101	18	42710530	42761312
ENSG00000267097	18	43003729	43063183
ENSG00000266988	18	43063310	43109820
ENSG00000267354	18	43087167	43130148
ENSG00000266968	18	43226118	43227895
ENSG00000267193	18	43249332	43327180
ENSG00000267558	18	43368495	43368632
ENSG00000222179	18	43569619	43569911
ENSG00000267293	18	43608272	43609795
ENSG00000252034	18	43656970	43657065
ENSG00000251939	18	43701581	43701687
ENSG00000240983	18	44302938	44303186
ENSG00000270112	18	44336450	44340307
ENSG00000267167	18	44383187	44383857
ENSG00000267587	18	44432595	44433845
ENSG00000266957	18	44603732	44617651
ENSG00000267724	18	44632317	44634433
ENSG00000183206	18	14507338	14543584
ENSG00000266996	18	44542731	44544607
ENSG00000267800	18	44663389	44663661
ENSG00000234298	18	44548658	44550534
ENSG00000201825	18	44760813	44760919
ENSG00000267761	18	44812096	45120914
ENSG00000266582	18	44906867	44906936
ENSG00000183791	18	44554573	44556449
ENSG00000261307	18	45027543	45084754
ENSG00000267156	18	45156483	45157219
ENSG00000267187	18	45229546	45230116
ENSG00000267541	18	45379604	45379828
ENSG00000269365	18	45404666	45408815
ENSG00000206181	18	44558943	44561988
ENSG00000206944	18	45696155	45696261
ENSG00000253033	18	45918962	45919021
ENSG00000200872	18	46001858	46001971
ENSG00000266984	18	46004932	46005599
ENSG00000266276	18	46196971	46197039
ENSG00000267762	18	46199946	46214790
ENSG00000167220	18	44633774	44676891
ENSG00000267228	18	44661027	44702652
ENSG00000267764	18	46352422	46361141
ENSG00000266905	18	46489321	46490311
ENSG00000264269	18	46550073	46574844
ENSG00000263849	18	46576057	46576138
ENSG00000265128	18	46642671	46652849
ENSG00000266696	18	46732282	46735151
ENSG00000263895	18	46958114	46973790
ENSG00000264971	18	46996173	46996593
ENSG00000263916	18	47010906	47012519
ENSG00000265496	18	47013709	47018248
ENSG00000202093	18	47015615	47015678
ENSG00000206602	18	47017653	47017717
ENSG00000271982	18	47018034	47018099
ENSG00000265182	18	47021517	47023266
ENSG00000264464	18	47025760	47028230
ENSG00000267444	18	47176720	47177530
ENSG00000267674	18	47266193	47268433
ENSG00000267322	18	47340393	47377429
ENSG00000134049	18	44681413	44702745
ENSG00000251992	18	47340503	47340646
ENSG00000252139	18	47340731	47340813
ENSG00000201668	18	47397925	47398036
ENSG00000200527	18	47472636	47472759
ENSG00000267196	18	47496091	47497327
ENSG00000267511	18	47590165	47590810
ENSG00000267591	18	47625112	47625532
ENSG00000240663	18	47733370	47733648
ENSG00000267695	18	47828560	47839965
ENSG00000251997	18	47845372	47845490
ENSG00000221529	18	47927311	47927418
ENSG00000239780	18	47984257	47985165
ENSG00000267713	18	48195880	48196585
ENSG00000180777	18	14728271	14852737
ENSG00000215474	18	44746293	44775554
ENSG00000175387	18	45357922	45457515
ENSG00000067900	18	18526867	18691812
ENSG00000267233	18	48340762	48342100
ENSG00000239689	18	48349947	48350490
ENSG00000200752	18	48485637	48485749
ENSG00000240820	18	48633124	48633416
ENSG00000267717	18	48684652	48685753
ENSG00000207154	18	48810103	48810266
ENSG00000227115	18	48872619	49088939
ENSG00000266201	18	48947433	48948044
ENSG00000266003	18	48959807	48961153
ENSG00000238885	18	49072717	49072818
ENSG00000265402	18	49139009	49139480
ENSG00000265712	18	49213895	49214579
ENSG00000215457	18	49371377	49371998
ENSG00000266335	18	49862731	49865395
ENSG00000221291	18	50463664	50463773
ENSG00000263872	18	50763471	50763560
ENSG00000264263	18	51007205	51094653
ENSG00000263438	18	51094817	51124221
ENSG00000260433	18	51105993	51107429
ENSG00000242945	18	51131624	51132095
ENSG00000221058	18	51612956	51613026
ENSG00000264296	18	51668503	51668947
ENSG00000207233	18	51748654	51748782
ENSG00000264350	18	51933259	51933484
ENSG00000264564	18	52051804	52051933
ENSG00000267428	18	52234228	52234534
ENSG00000267524	18	52411981	52412812
ENSG00000267311	18	52546688	52548040
ENSG00000267112	18	52553097	52565314
ENSG00000267647	18	52621634	52621963
ENSG00000264804	18	52668527	52668629
ENSG00000267013	18	52773135	52791537
ENSG00000252437	18	52813777	52813876
ENSG00000267028	18	53119764	53150171
ENSG00000264571	18	53146452	53146529
ENSG00000267402	18	53159406	53163623
ENSG00000242320	18	53303064	53303541
ENSG00000267284	18	53388294	53455992
ENSG00000267325	18	53443958	53448952
ENSG00000267172	18	53484398	53486990
ENSG00000260930	18	53548919	53587430
ENSG00000267327	18	53560269	53690753
ENSG00000206129	18	53670844	53858493
ENSG00000267057	18	53709366	53763550
ENSG00000267399	18	53728340	53730309
ENSG00000201816	18	53746625	53746825
ENSG00000267712	18	53750587	53804767
ENSG00000267732	18	53805843	53810452
ENSG00000206865	18	54420457	54420557
ENSG00000267146	18	54539899	54541201
ENSG00000212539	18	54624501	54624699
ENSG00000267225	18	54695063	54706076
ENSG00000258609	18	54721813	54739350
ENSG00000267789	18	54803553	54814229
ENSG00000267726	18	54836846	54838425
ENSG00000202240	18	54951833	54951939
ENSG00000266636	18	55103053	55103112
ENSG00000267040	18	55297534	55405276
ENSG00000141449	18	18822203	19105378
ENSG00000184828	18	45553044	45937123
ENSG00000267787	18	55306687	55405276
ENSG00000202159	18	55422626	55422732
ENSG00000231544	18	55505708	55506198
ENSG00000267209	18	55628463	55631666
ENSG00000265200	18	55684016	55684116
ENSG00000235028	18	55686021	55686293
ENSG00000267743	18	55857066	55862928
ENSG00000267504	18	56038798	56039898
ENSG00000267396	18	56065895	56067314
ENSG00000267675	18	56083997	56084860
ENSG00000267391	18	56113507	56116856
ENSG00000207778	18	56118306	56118390
ENSG00000252330	18	56133495	56133559
ENSG00000267257	18	56202647	56205784
ENSG00000267579	18	56224302	56233909
ENSG00000252284	18	56267863	56267930
ENSG00000239659	18	56298491	56299352
ENSG00000267226	18	56337712	56339109
ENSG00000267476	18	56339845	56419962
ENSG00000266946	18	56357588	56359385
ENSG00000267010	18	56419380	56421709
ENSG00000268960	18	45778672	45779208
ENSG00000134030	18	46065417	46389588
ENSG00000267705	18	56419411	56421130
ENSG00000267501	18	56422091	56425074
ENSG00000265229	18	56470253	56470561
ENSG00000201598	18	56472500	56472606
ENSG00000267593	18	56481112	56501596
ENSG00000199713	18	56486115	56486248
ENSG00000251870	18	56593429	56593528
ENSG00000224367	18	56663966	56736570
ENSG00000267215	18	56749156	56752213
ENSG00000267677	18	57027932	57053981
ENSG00000267000	18	57126304	57132914
ENSG00000267061	18	57230941	57235847
ENSG00000267269	18	57353052	57355632
ENSG00000267774	18	57363691	57364644
ENSG00000221471	18	57416909	57416989
ENSG00000224161	18	57428790	57429137
ENSG00000267486	18	57445804	57446221
ENSG00000267669	18	57488272	57492493
ENSG00000267066	18	57596458	57597562
ENSG00000267497	18	57636670	57638628
ENSG00000239398	18	57640146	57640437
ENSG00000256704	18	57677224	57678375
ENSG00000101665	18	46446223	46477081
ENSG00000267462	18	57677513	57681490
ENSG00000267742	18	57684010	57684673
ENSG00000252555	18	57685857	57685963
ENSG00000267686	18	57792265	57828428
ENSG00000242060	18	57816808	57817597
ENSG00000202468	18	57830800	57830940
ENSG00000267620	18	57863788	57865405
ENSG00000267401	18	57961384	57968351
ENSG00000267400	18	58163101	58163569
ENSG00000266915	18	58187074	58187398
ENSG00000267687	18	58192849	58193389
ENSG00000253011	18	58222376	58222457
ENSG00000267382	18	58279006	58321856
ENSG00000267098	18	58297400	58569959
ENSG00000267153	18	58330348	58331602
ENSG00000267513	18	58461841	58462149
ENSG00000206769	18	59058828	59058936
ENSG00000243256	18	59072091	59072438
ENSG00000267316	18	59238575	59246689
ENSG00000267279	18	59252979	59274149
ENSG00000267175	18	59259608	59416065
ENSG00000141446	18	19109242	19180845
ENSG00000167088	18	19192228	19210417
ENSG00000158201	18	19230858	19284766
ENSG00000141627	18	46570039	46987717
ENSG00000267038	18	59348886	59349928
ENSG00000260440	18	59415409	59421928
ENSG00000267597	18	59624506	59625247
ENSG00000266900	18	59913043	59914645
ENSG00000267560	18	59967269	59968231
ENSG00000199867	18	59998045	59998146
ENSG00000267341	18	60040127	60045363
ENSG00000241088	18	60082911	60083460
ENSG00000267487	18	60085551	60085809
ENSG00000266920	18	60109261	60110359
ENSG00000243549	18	60317543	60317834
ENSG00000206746	18	60398459	60398565
ENSG00000267766	18	60818347	60818553
ENSG00000238988	18	60861822	60861898
ENSG00000267701	18	60981035	60981315
ENSG00000267390	18	61034561	61048862
ENSG00000267430	18	61082550	61083702
ENSG00000269989	18	61152834	61153251
ENSG00000214318	18	61164222	61164633
ENSG00000237314	18	61739392	61739887
ENSG00000179676	18	61747243	61816264
ENSG00000267134	18	61771325	62090836
ENSG00000236392	18	61814443	61826533
ENSG00000266952	18	61880317	61927290
ENSG00000252818	18	62216690	62216742
ENSG00000263863	18	62773109	62792946
ENSG00000177576	18	47008028	47013622
ENSG00000264131	18	62853395	62854254
ENSG00000264232	18	63091249	63114748
ENSG00000265217	18	63273326	63319289
ENSG00000263720	18	63532498	63533633
ENSG00000263622	18	63585018	63588178
ENSG00000264685	18	63735986	63736883
ENSG00000221536	18	64320646	64320738
ENSG00000238680	18	64613353	64613459
ENSG00000264409	18	64710604	64710681
ENSG00000263354	18	64748821	64748923
ENSG00000264054	18	64804848	64804988
ENSG00000265580	18	64963519	64963619
ENSG00000265936	18	65042370	65042542
ENSG00000260578	18	65149028	65152203
ENSG00000263424	18	65173826	65181267
ENSG00000265533	18	65183783	65566856
ENSG00000264040	18	65269929	65270259
ENSG00000101752	18	19284918	19450918
ENSG00000263594	18	65339458	65343315
ENSG00000265472	18	65375166	65375483
ENSG00000264104	18	65455505	65458272
ENSG00000265555	18	65475742	65482059
ENSG00000265240	18	65497908	65499204
ENSG00000264634	18	65608186	65623663
ENSG00000264869	18	65769353	65781614
ENSG00000264699	18	65925576	65932064
ENSG00000260747	18	65945039	65945480
ENSG00000265425	18	66094267	66104155
ENSG00000263355	18	66123188	66124114
ENSG00000264697	18	66195207	66195360
ENSG00000263637	18	66420416	66421820
ENSG00000207072	18	66526171	66526277
ENSG00000264444	18	66533754	66534265
ENSG00000264236	18	66659955	66660612
ENSG00000264705	18	66879514	66881587
ENSG00000215472	18	47008051	47017956
ENSG00000264845	18	67136753	67138972
ENSG00000265643	18	67150863	67285930
ENSG00000266840	18	67372214	67392211
ENSG00000266304	18	68003165	68004546
ENSG00000264059	18	68029359	68029459
ENSG00000266278	18	68047376	68051827
ENSG00000265698	18	68079291	68079627
ENSG00000214255	18	68096396	68098361
ENSG00000265681	18	47014851	47018906
ENSG00000263588	18	19668021	19678741
ENSG00000239748	18	68179963	68180241
ENSG00000265781	18	68667713	68678726
ENSG00000265639	18	68696006	68700292
ENSG00000265484	18	68883940	68904338
ENSG00000263733	18	68892940	68893957
ENSG00000260676	18	69187198	69246192
ENSG00000264388	18	69255773	69256120
ENSG00000265946	18	69332384	69332761
ENSG00000260457	18	69504275	69538024
ENSG00000265995	18	69557645	69611813
ENSG00000271313	18	69599729	69600032
ENSG00000141448	18	19749404	19782491
ENSG00000264315	18	70285502	70286457
ENSG00000265579	18	70410991	70413196
ENSG00000252598	18	70419187	70419286
ENSG00000263750	18	70520556	70520617
ENSG00000263958	18	70535623	70548634
ENSG00000261780	18	70992176	71017113
ENSG00000265380	18	71378564	71382725
ENSG00000241866	18	71412170	71412464
ENSG00000263655	18	71581640	71701396
ENSG00000260569	18	71878626	71907790
ENSG00000243856	18	71894741	71895036
ENSG00000235297	18	72057119	72057532
ENSG00000212710	18	19993564	19997878
ENSG00000259779	18	72076650	72080444
ENSG00000264340	18	72228616	72229335
ENSG00000264247	18	72259010	72265744
ENSG00000266774	18	73144658	73148912
ENSG00000261194	18	73408034	73424340
ENSG00000266460	18	73556880	73580207
ENSG00000264108	18	73720073	73727816
ENSG00000263547	18	73834953	73857210
ENSG00000266743	18	73885259	73889693
ENSG00000264260	18	73921465	73927657
ENSG00000264595	18	73939945	73945342
ENSG00000266014	18	73959680	73963343
ENSG00000265717	18	73966247	73967169
ENSG00000264212	18	73968846	73970292
ENSG00000263982	18	74084672	74090230
ENSG00000265778	18	74203608	74205487
ENSG00000266256	18	74327169	74337897
ENSG00000266312	18	74334963	74350968
ENSG00000229055	18	74401986	74405592
ENSG00000265934	18	74415400	74416210
ENSG00000265836	18	74463261	74463797
ENSG00000265626	18	74471641	74471822
ENSG00000252097	18	74512620	74512730
ENSG00000244229	18	74546385	74546844
ENSG00000265261	18	74596891	74600680
ENSG00000266844	18	74686646	74696118
ENSG00000101670	18	47087069	47119272
ENSG00000101773	18	20378224	20606451
ENSG00000265844	18	74892062	74947386
ENSG00000264015	18	75133575	75272719
ENSG00000199392	18	75143519	75143645
ENSG00000264736	18	75147209	75149198
ENSG00000264693	18	75334508	75336471
ENSG00000271702	18	75344884	75345316
ENSG00000252260	18	75575420	75575523
ENSG00000265843	18	75683250	75705678
ENSG00000264334	18	75694976	75698566
ENSG00000199728	18	75796739	75796845
ENSG00000266213	18	75897223	75900887
ENSG00000265644	18	76240549	76244867
ENSG00000265378	18	76265165	76266410
ENSG00000201723	18	76304096	76304188
ENSG00000266273	18	76555612	76556672
ENSG00000266586	18	76668629	76678993
ENSG00000265101	18	76685064	76687441
ENSG00000263146	18	76736555	76739074
ENSG00000267655	18	76877207	76877920
ENSG00000267628	18	77013577	77014856
ENSG00000267015	18	77100258	77103972
ENSG00000267287	18	77336460	77349010
ENSG00000267409	18	77370747	77372303
ENSG00000178412	18	77398928	77439745
ENSG00000266901	18	77462721	77463651
ENSG00000266924	18	77547121	77551432
ENSG00000267780	18	77552726	77576365
ENSG00000261126	18	77806900	77853362
ENSG00000266909	18	77835609	77836161
ENSG00000267251	18	77941563	77960875
ENSG00000167315	18	47309869	47340330
ENSG00000266997	18	47322163	47363993
ENSG00000167306	18	47349183	47721463
ENSG00000134508	18	20714528	20840431
ENSG00000172361	18	47753563	47792892
ENSG00000134490	18	20777108	21017925
ENSG00000141644	18	47793252	47808144
ENSG00000262477	18	29992145	29993199
ENSG00000101782	18	21032787	21066567
ENSG00000141452	18	21083473	21111746
ENSG00000141458	18	21086148	21166862
ENSG00000154832	18	47808713	47814674
ENSG00000154065	18	21178890	21242849
ENSG00000154839	18	47901365	47920543
ENSG00000141639	18	48086448	48258194
ENSG00000134042	18	48324574	48351772
ENSG00000053747	18	21269407	21535030
ENSG00000082212	18	48405419	48474691
ENSG00000141642	18	48494361	48514491
ENSG00000267699	18	48494389	48584514
ENSG00000141646	18	48494410	48611415
ENSG00000176624	18	48700920	48744674
ENSG00000187323	18	49866542	51057784
ENSG00000134046	18	51679079	51751158
ENSG00000168234	18	21572737	21715574
ENSG00000154040	18	21718942	21741567
ENSG00000101751	18	51795774	51847636
ENSG00000174448	18	51850728	51884334
ENSG00000166845	18	51884287	51911588
ENSG00000141447	18	21742008	21977844
ENSG00000178690	18	52254988	52266724
ENSG00000041353	18	52385091	52562747
ENSG00000166510	18	52568740	52626739
ENSG00000154059	18	22006580	22033499
ENSG00000196628	18	52889562	53332018
ENSG00000134489	18	22040593	22059921
ENSG00000198795	18	22641890	22932154
ENSG00000141380	18	23596578	23671181
ENSG00000154611	18	23713816	23773319
ENSG00000141384	18	23805900	23971649
ENSG00000091164	18	54264439	54318831
ENSG00000134504	18	24034874	24237365
ENSG00000091157	18	54318574	54698828
ENSG00000171885	18	24432002	24445782
ENSG00000154080	18	24495595	24765281
ENSG00000170558	18	25530930	25757410
ENSG00000228075	18	54814293	54817531
ENSG00000177511	18	55018044	55038962
ENSG00000119547	18	55102917	55158529
ENSG00000066926	18	55215515	55254004
ENSG00000134762	18	28569974	28622781
ENSG00000134440	18	55267888	55289445
ENSG00000134755	18	28645940	28682378
ENSG00000081923	18	55313658	55470333
ENSG00000134765	18	28709199	28742819
ENSG00000134760	18	28898052	28936992
ENSG00000175065	18	28956740	28994875
ENSG00000134757	18	29027758	29058665
ENSG00000046604	18	29078006	29128971
ENSG00000118271	18	29171689	29178974
ENSG00000118276	18	29202210	29265799
ENSG00000141437	18	29339525	29340843
ENSG00000049759	18	55711599	56068772
ENSG00000153339	18	29409136	29533099
ENSG00000101695	18	29598335	29653176
ENSG00000134758	18	29671818	29711524
ENSG00000141441	18	29704840	30050447
ENSG00000141434	18	29765032	29800367
ENSG00000197705	18	30252634	30353025
ENSG00000228835	18	30349758	30354376
ENSG00000166960	18	30517366	31021065
ENSG00000141431	18	31158579	31331156
ENSG00000198796	18	56148479	56296189
ENSG00000172175	18	56338618	56417371
ENSG00000101746	18	31431064	31804916
ENSG00000074657	18	56529832	56653712
ENSG00000134769	18	32073254	32471808
ENSG00000166562	18	56806709	56826068
ENSG00000134443	18	56887400	56898006
ENSG00000134438	18	56934267	56941318
ENSG00000166569	18	56942388	56985881
ENSG00000074695	18	56995055	57027194
ENSG00000183287	18	57098172	57364612
ENSG00000141682	18	57567180	57571538
ENSG00000166603	18	58038564	58040001
ENSG00000101542	18	59000815	59223006
ENSG00000176641	18	59475296	59561480
ENSG00000166974	18	32556892	32723434
ENSG00000197563	18	59710800	59854351
ENSG00000186812	18	32820994	32847097
ENSG00000186814	18	32831032	32870196
ENSG00000172466	18	32912176	32925446
ENSG00000134444	18	59854491	59974355
ENSG00000141655	18	59992520	60058516
ENSG00000141664	18	60190240	60254942
ENSG00000186496	18	32946661	32957301
ENSG00000267140	18	33023835	33077904
ENSG00000153391	18	33032194	33077955
ENSG00000141429	18	33161081	33291798
ENSG00000141428	18	33552046	33559241
ENSG00000141425	18	33564350	33647539
ENSG00000141424	18	33688495	33709348
ENSG00000134759	18	33709407	33757909
ENSG00000081913	18	60382672	60647666
ENSG00000215431	18	60491423	60492724
ENSG00000269630	18	60505640	60505948
ENSG00000171791	18	60790579	60987361
ENSG00000119537	18	60994959	61034743
ENSG00000119541	18	61056423	61089716
ENSG00000206075	18	61143994	61172318
ENSG00000166634	18	61223393	61234244
ENSG00000197641	18	61254223	61271873
ENSG00000206073	18	61304493	61311532
ENSG00000075643	18	33767482	33852120
ENSG00000134775	18	33877677	34360018
ENSG00000173213	18	47225	73545
ENSG00000206072	18	61314813	61391127
ENSG00000057149	18	61322431	61329197
ENSG00000101557	18	158383	214629
ENSG00000134779	18	34359987	34409158
ENSG00000079134	18	214520	268050
ENSG00000166396	18	61420169	61472604
ENSG00000197632	18	61538926	61571124
ENSG00000242550	18	61564408	61603345
ENSG00000158270	18	319361	500722
ENSG00000150477	18	34409069	34812135
ENSG00000268706	18	61602042	61609601
ENSG00000221887	18	61616535	61649008
ENSG00000166401	18	61637159	61672278
ENSG00000081138	18	63417488	63548638
ENSG00000177143	18	580367	581524
ENSG00000079101	18	596988	650334
ENSG00000176912	18	641320	658340
ENSG00000101489	18	34823010	35146000
ENSG00000176890	18	657604	673578
ENSG00000071991	18	64168320	64271375
ENSG00000171451	18	65173819	65184217
ENSG00000166479	18	66340925	66382535
ENSG00000132199	18	670324	712676
ENSG00000078142	18	39535171	39667794
ENSG00000150636	18	66382446	66722426
ENSG00000264472	18	66567018	66569492
ENSG00000206052	18	67068291	67516323
ENSG00000152214	18	40323192	40695657
ENSG00000132872	18	40847843	40857615
ENSG00000176105	18	721588	812547
ENSG00000150637	18	67498394	67629039
ENSG00000141433	18	904944	912173
ENSG00000101574	18	2537524	2571508
ENSG00000152217	18	42260138	42648475
ENSG00000176225	18	67671029	67873181
ENSG00000132874	18	42792960	43263072
ENSG00000080986	18	2571510	2616634
ENSG00000141469	18	43304092	43332485
ENSG00000101596	18	2655737	2805015
ENSG00000197046	18	43405477	43424045
ENSG00000152223	18	43427574	43547240
ENSG00000170677	18	67956137	67997436
ENSG00000266258	18	68002675	68019695
ENSG00000263417	18	68297755	68317980
ENSG00000265352	18	69399851	69455364
ENSG00000141668	18	70203915	70305756
ENSG00000166342	18	70409549	70535381
ENSG00000132205	18	2847028	2915991
ENSG00000101577	18	2916992	3013313
ENSG00000263711	18	70818476	70931715
ENSG00000152229	18	43563502	43652238
ENSG00000101605	18	3066805	3220106
ENSG00000141665	18	71740588	71815100
ENSG00000152234	18	43664110	43684300
ENSG00000075336	18	71815746	71826197
ENSG00000166347	18	71920530	71959251
ENSG00000206043	18	71983048	72026422
ENSG00000187773	18	72102963	72125179
ENSG00000133313	18	72163051	72188366
ENSG00000152240	18	43684298	43708299
ENSG00000101608	18	3247479	3256234
ENSG00000118680	18	3261907	3278282
ENSG00000177426	18	3411606	3458409
ENSG00000152242	18	43753519	43846949
ENSG00000141622	18	43906772	44043103
ENSG00000167210	18	44056935	44236996
ENSG00000150656	18	72201675	72254448
ENSG00000170579	18	3496030	4455335
ENSG00000215421	18	72265106	72777627
ENSG00000180011	18	72907063	72921303
ENSG00000179981	18	72922710	73001905
ENSG00000231824	18	5145284	5197502
ENSG00000264116	18	73118967	73130995
ENSG00000206026	18	73121431	73139658
ENSG00000198081	18	5289018	5297052
ENSG00000266614	18	73971121	73972069
ENSG00000101493	18	74069644	74207146
ENSG00000220032	18	74207477	74210045
ENSG00000263812	18	74240612	74322925
ENSG00000264278	18	74506688	74534251
ENSG00000130856	18	74534563	74682683
ENSG00000082397	18	5392383	5630699
ENSG00000197971	18	74690783	74845639
ENSG00000206432	18	5882071	5895954
ENSG00000154655	18	5954705	6415236
ENSG00000166573	18	74962505	74980858
ENSG00000265944	18	6511415	6590652
ENSG00000256463	18	76740275	76762677
ENSG00000088756	18	6729717	6915715
ENSG00000166377	18	76829285	77138283
ENSG00000101680	18	6941743	7117813
ENSG00000131196	18	77155856	77289325
ENSG00000206422	18	7231123	7232045
ENSG00000173482	18	7566780	8406859
ENSG00000269679	18	77275812	77276057
ENSG00000268046	18	8336437	8337038
ENSG00000206418	18	8609443	8639379
ENSG00000060069	18	77439801	77514510
ENSG00000178342	18	77623668	77660184
ENSG00000122490	18	77662420	77711664
ENSG00000168502	18	8705659	8832776
ENSG00000226742	18	77724561	77730822
ENSG00000141759	18	77732867	77793949
ENSG00000178127	18	9102628	9134343
ENSG00000267127	18	77794346	77854968
ENSG00000101546	18	77794358	77806397
ENSG00000101745	18	9136226	9285983
ENSG00000101544	18	77866915	77905406
ENSG00000128791	18	9334765	9402418
ENSG00000017797	18	9475007	9538114
ENSG00000267270	18	77905807	77936315
ENSG00000178184	18	77915115	78005429
ENSG00000262352	18	11103	15928
ENSG00000263305	18	14195	16898
ENSG00000262181	18	45004	45556
ENSG00000262081	18	80140	88570
ENSG00000263006	18	109065	122219
ENSG00000263884	18	268148	270278
ENSG00000264514	18	316737	319165
ENSG00000264433	18	316740	317366
ENSG00000265477	18	423744	424416
ENSG00000264265	18	508568	515294
ENSG00000154845	18	9546789	9615238
ENSG00000168461	18	9708162	9862548
ENSG00000222174	18	586517	586850
ENSG00000239158	18	603166	603258
ENSG00000266456	18	650229	652843
ENSG00000263727	18	653985	657259
ENSG00000265490	18	706523	707648
ENSG00000266171	18	735746	737459
ENSG00000264635	18	738058	739662
ENSG00000264339	18	738058	739444
ENSG00000206687	18	797990	798136
ENSG00000273355	18	813275	813757
ENSG00000266575	18	832239	832470
ENSG00000264179	18	856527	857046
ENSG00000265671	18	894436	907681
ENSG00000265179	18	902767	906668
ENSG00000259837	18	926084	927994
ENSG00000272461	18	962593	976884
ENSG00000263551	18	976590	1174824
ENSG00000168454	18	9885763	9889272
ENSG00000263505	18	1159199	1160405
ENSG00000266251	18	1176791	1177013
ENSG00000132204	18	1254384	1408345
ENSG00000199197	18	1323795	1324086
ENSG00000263396	18	1357652	1357943
ENSG00000265417	18	1362446	1363874
ENSG00000266602	18	1509184	1647098
ENSG00000266450	18	1655178	1779956
ENSG00000264080	18	1780330	1782065
ENSG00000101558	18	9913999	9960018
ENSG00000263745	18	1883525	2240847
ENSG00000264189	18	1927728	1929095
ENSG00000238575	18	2555357	2555491
ENSG00000266783	18	2561171	2562219
ENSG00000264150	18	2568391	2569121
ENSG00000235422	18	2593673	2594912
ENSG00000202224	18	2621089	2621200
ENSG00000200875	18	2649760	2649866
ENSG00000266405	18	2652169	2655394
ENSG00000266049	18	2688562	2833063
ENSG00000238425	18	2774872	2774961
ENSG00000207034	18	2778939	2779055
ENSG00000272625	18	2920964	2921683
ENSG00000263606	18	2945548	2946888
ENSG00000265907	18	2948236	2960754
ENSG00000266397	18	2967016	2985408
ENSG00000264186	18	2990650	2991076
ENSG00000252258	18	3025432	3025564
ENSG00000252353	18	3093566	3093627
ENSG00000265399	18	3190395	3247275
ENSG00000272688	18	3246399	3247084
ENSG00000264235	18	3255434	3261848
ENSG00000266578	18	3284143	3327290
ENSG00000259256	18	3347774	3350557
ENSG00000240364	18	3377914	3378245
ENSG00000265243	18	3394887	3395310
ENSG00000243720	18	3406340	3406816
ENSG00000263460	18	3415143	3415578
ENSG00000238863	18	3424257	3424347
ENSG00000266835	18	3466248	3478976
ENSG00000241223	18	3571214	3571509
ENSG00000238445	18	3572938	3573041
ENSG00000266373	18	3580167	3580752
ENSG00000177337	18	3593730	3598350
ENSG00000262001	18	3602998	3608334
ENSG00000266401	18	3653410	3656282
ENSG00000266513	18	3770017	3771430
ENSG00000238790	18	3811317	3811420
ENSG00000263724	18	3878180	3897069
ENSG00000207278	18	3894699	3894805
ENSG00000263878	18	3962353	4013943
ENSG00000250933	18	3977649	3978615
ENSG00000261520	18	4264602	4295405
ENSG00000154856	18	10454625	10489945
ENSG00000134265	18	10525902	10552758
ENSG00000264246	18	4430945	4431152
ENSG00000265545	18	4459230	4459458
ENSG00000266268	18	4775053	5004536
ENSG00000222463	18	4988091	4988168
ENSG00000264775	18	5002758	5003253
ENSG00000265514	18	5081181	5095814
ENSG00000215368	18	5132748	5133228
ENSG00000266153	18	5159331	5171025
ENSG00000265091	18	5232875	5238525
ENSG00000264575	18	5236723	5238597
ENSG00000263753	18	5232875	5246507
ENSG00000265188	18	5240254	5241166
ENSG00000264254	18	5310395	5317663
ENSG00000266288	18	5381640	5385329
ENSG00000265316	18	5463626	5480974
ENSG00000252576	18	5558188	5558272
ENSG00000264000	18	5567129	5570941
ENSG00000252572	18	5579413	5579484
ENSG00000252432	18	5661944	5662049
ENSG00000261738	18	5748818	5876327
ENSG00000272380	18	5840694	5840832
ENSG00000264449	18	5887486	5909121
ENSG00000265487	18	5956100	5960784
ENSG00000200637	18	6017722	6017838
ENSG00000266846	18	6025090	6082454
ENSG00000264707	18	6256746	6260933
ENSG00000265628	18	6437063	6437337
ENSG00000199272	18	6454961	6455067
ENSG00000235552	18	6462143	6463014
ENSG00000266065	18	6493419	6495667
ENSG00000265174	18	6557821	6558653
ENSG00000243591	18	6601539	6601834
ENSG00000261627	18	6641970	6642477
ENSG00000266441	18	6728820	6729861
ENSG00000263797	18	6873398	6875023
ENSG00000265933	18	6919495	6929965
ENSG00000264127	18	6926943	6928209
ENSG00000251897	18	6936911	6937019
ENSG00000265069	18	6954676	6957418
ENSG00000265890	18	6972707	6972988
ENSG00000265869	18	7064031	7064196
ENSG00000264475	18	7076816	7080122
ENSG00000263716	18	7134930	7135818
ENSG00000154864	18	10666480	11148587
ENSG00000212626	18	7301018	7301151
ENSG00000221631	18	7738109	7738223
ENSG00000266767	18	7741308	7754829
ENSG00000264596	18	7814116	7815728
ENSG00000263827	18	7840935	7841058
ENSG00000199856	18	7995568	7995782
ENSG00000273368	18	8154556	8155068
ENSG00000212067	18	8227101	8227183
ENSG00000266149	18	8360818	8367032
ENSG00000265413	18	8402845	8405159
ENSG00000263970	18	8406759	8406951
ENSG00000266613	18	8412127	8414302
ENSG00000242985	18	8471829	8472124
ENSG00000229442	18	8486995	8513847
ENSG00000225212	18	8545633	8546815
ENSG00000266708	18	8635177	8636345
ENSG00000263935	18	8688020	8688408
ENSG00000265962	18	8695854	8707619
ENSG00000252319	18	8720032	8720130
ENSG00000272788	18	8801654	8802303
ENSG00000242058	18	9020027	9020762
ENSG00000265257	18	9102734	9254344
ENSG00000263847	18	9112402	9115875
ENSG00000266053	18	9121263	9136643
ENSG00000200883	18	9249647	9249744
ENSG00000207092	18	9250108	9250209
ENSG00000273284	18	9259386	9260388
ENSG00000239087	18	9277977	9278077
ENSG00000264964	18	9315192	9334439
ENSG00000273335	18	9473419	9474004
ENSG00000266805	18	9506240	9509724
ENSG00000251994	18	9518117	9518258
ENSG00000273352	18	9519447	9520197
ENSG00000266541	18	9587384	9590180
ENSG00000263627	18	9615262	9619361
ENSG00000212572	18	9617962	9618070
ENSG00000264644	18	9678245	9679490
ENSG00000266891	18	9734879	9735599
ENSG00000266127	18	9785105	9787802
ENSG00000242651	18	9830329	9830624
ENSG00000252680	18	9844714	9844843
ENSG00000265564	18	9880577	9880883
ENSG00000272799	18	9912313	9912846
ENSG00000223138	18	9923917	9924018
ENSG00000263630	18	10005097	10005194
ENSG00000265554	18	10125337	10144403
ENSG00000264876	18	10323129	10372377
ENSG00000266102	18	10375100	10378111
ENSG00000239031	18	10389895	10389997
ENSG00000260913	18	10405130	10414512
ENSG00000265728	18	10594587	10604795
ENSG00000266604	18	10612301	10626350
ENSG00000264503	18	10622120	10622264
ENSG00000264311	18	10623873	10624302
ENSG00000264072	18	10627643	10628843
ENSG00000266470	18	10632235	10632393
ENSG00000265038	18	10636667	10637396
ENSG00000260779	18	10661930	10666884
ENSG00000264843	18	10704295	10709597
ENSG00000264714	18	10724617	10728537
ENSG00000141404	18	11688955	11885684
ENSG00000263952	18	10893615	10908781
ENSG00000263682	18	11326269	11328831
ENSG00000267051	18	11366912	11378408
ENSG00000273119	18	11390032	11390728
ENSG00000267564	18	11447755	11489368
ENSG00000267425	18	11454477	11465995
ENSG00000267252	18	11488569	11506982
ENSG00000267371	18	11552365	11552846
ENSG00000236396	18	11609544	11610687
ENSG00000267794	18	11618207	11618314
ENSG00000257513	18	11619508	11639698
ENSG00000267143	18	11620716	11621157
ENSG00000267773	18	11644335	11644823
ENSG00000260759	18	11666455	11670164
ENSG00000267333	18	11745625	11747580
ENSG00000267455	18	11810405	11811483
ENSG00000267165	18	11851413	11852750
ENSG00000272703	18	11857154	11857553
ENSG00000273141	18	11908711	11909222
ENSG00000267079	18	11910633	11914343
ENSG00000267661	18	11928837	11929475
ENSG00000266955	18	11993987	11994937
ENSG00000267480	18	12031177	12032180
ENSG00000266995	18	12040100	12040299
ENSG00000267292	18	12050308	12050671
ENSG00000212712	18	12056675	12057821
ENSG00000267533	18	12067172	12068416
ENSG00000256616	18	12073231	12076653
ENSG00000255112	18	11851395	11854448
ENSG00000267722	18	12081539	12085266
ENSG00000267478	18	12091673	12093140
ENSG00000200827	18	12098426	12098531
ENSG00000267162	18	12101996	12102469
ENSG00000154889	18	11882621	11909222
ENSG00000267116	18	12192202	12192933
ENSG00000267643	18	12200778	12201978
ENSG00000267733	18	12201981	12223538
ENSG00000267076	18	12211377	12211806
ENSG00000267247	18	12230410	12231572
ENSG00000267663	18	12246588	12247054
ENSG00000267069	18	12288307	12291487
ENSG00000199702	18	12304090	12304193
ENSG00000251937	18	12400411	12400472
ENSG00000256786	18	12431581	12432232
ENSG00000267108	18	12432896	12437634
ENSG00000267199	18	12438889	12448204
ENSG00000267515	18	12450446	12451041
ENSG00000238309	18	12533423	12533524
ENSG00000267249	18	12670425	12671144
ENSG00000266961	18	12738964	12750067
ENSG00000267654	18	12739489	12749420
ENSG00000201466	18	12760716	12760817
ENSG00000260302	18	12774650	12775922
ENSG00000267570	18	12911185	12912022
ENSG00000267336	18	12912843	12913905
ENSG00000266969	18	12984693	12991172
ENSG00000267656	18	13139779	13140488
ENSG00000267032	18	13151636	13152688
ENSG00000267286	18	13183401	13185616
ENSG00000267239	18	13203773	13216366
ENSG00000267177	18	13234944	13236469
ENSG00000267393	18	13362202	13366242
ENSG00000267690	18	13419420	13427479
ENSG00000266146	18	13459946	13460025
ENSG00000267694	18	13461019	13470822
ENSG00000267529	18	13471849	13472669
ENSG00000267702	18	13486461	13490675
ENSG00000267366	18	13500640	13501288
ENSG00000267136	18	13514519	13522887
ENSG00000272746	18	13526077	13526687
ENSG00000267503	18	13561398	13565034
ENSG00000263527	18	13611113	13611199
ENSG00000266954	18	13644814	13645684
ENSG00000266606	18	13665114	13665165
ENSG00000242707	18	13715099	13715367
ENSG00000211528	18	13823914	13823985
ENSG00000243779	18	13919602	13919922
ENSG00000270469	18	14053950	14054760
ENSG00000267756	18	14074911	14075740
ENSG00000267150	18	14089934	14091018
ENSG00000267356	18	14104541	14105225
ENSG00000252234	18	14118593	14118701
ENSG00000267704	18	14137709	14139271
ENSG00000267324	18	14143595	14151138
ENSG00000175319	18	14152998	14157341
ENSG00000186481	18	14179096	14249455
ENSG00000212329	18	14190699	14190805
ENSG00000266145	18	14222007	14222330
ENSG00000264222	18	14244624	14252139
ENSG00000265787	18	14337422	14342524
ENSG00000265437	18	14361433	14361942
ENSG00000187589	18	14377545	14378756
ENSG00000265296	18	14391912	14393908
ENSG00000266605	18	14450215	14450882
ENSG00000265766	18	14477954	14499277
ENSG00000266242	18	14485805	14487500
ENSG00000200132	18	14531675	14531781
ENSG00000265340	18	14570843	14571787
ENSG00000266693	18	14613136	14614183
ENSG00000264570	18	14629831	14632805
ENSG00000200645	18	14759187	14759293
ENSG00000265481	18	14771248	14771326
ENSG00000265737	18	14816150	14825248
ENSG00000265499	18	14830165	14830241
ENSG00000265786	18	14877610	14884051
ENSG00000264061	18	14888708	14890085
ENSG00000263618	18	14903579	14915627
ENSG00000266554	18	14946266	14973769
ENSG00000264301	18	14969000	14970467
ENSG00000263821	18	14978738	14979838
ENSG00000266522	18	15003974	15006351
ENSG00000263635	18	15075444	15122766
ENSG00000266544	18	15090177	15090457
ENSG00000264880	18	15159723	15164466
ENSG00000265015	18	15196998	15197774
ENSG00000265631	18	15247428	15247996
ENSG00000266818	18	15254417	15271743
ENSG00000215512	18	15307662	15330281
ENSG00000222087	18	15320839	15320943
ENSG00000216205	18	18642344	18642434
ENSG00000244527	18	18699143	18699622
ENSG00000251886	18	18700365	18700467
ENSG00000263748	18	18762464	18763460
ENSG00000265984	18	18820636	18821332
ENSG00000265948	18	18896839	18897756
ENSG00000265751	18	18960247	19030978
ENSG00000221139	18	19030614	19030717
ENSG00000263350	18	19210099	19213485
ENSG00000264188	18	19241748	19242356
ENSG00000265656	18	19253589	19262522
ENSG00000221493	18	19263471	19263558
ENSG00000252677	18	19291911	19292080
ENSG00000200750	18	19304080	19304190
ENSG00000264183	18	19356839	19356938
ENSG00000242971	18	19373844	19374118
ENSG00000199977	18	19397585	19397789
ENSG00000265142	18	19405448	19411371
ENSG00000243303	18	19434601	19434948
ENSG00000264149	18	19451407	19473957
ENSG00000252325	18	19459762	19459865
ENSG00000264289	18	19494330	19494621
ENSG00000222520	18	19508946	19509055
ENSG00000265758	18	19561082	19631120
ENSG00000265568	18	19579530	19579612
ENSG00000221363	18	19710564	19710690
ENSG00000266010	18	19746859	19748929
ENSG00000264012	18	19755426	19756623
ENSG00000201852	18	19760073	19760179
ENSG00000266283	18	19780582	19785192
ENSG00000264825	18	19793741	19807992
ENSG00000238907	18	19840539	19840640
ENSG00000273348	18	19927809	19928215
ENSG00000270855	18	19998792	19999257
ENSG00000239490	18	20166428	20167190
ENSG00000206827	18	20227545	20227651
ENSG00000265943	18	20279444	20513727
ENSG00000266850	18	20303454	20487684
ENSG00000273232	18	20462788	20463320
ENSG00000265939	18	20480449	20480958
ENSG00000238537	18	20481487	20481589
ENSG00000264817	18	20513312	20513401
ENSG00000242182	18	20584527	20584820
ENSG00000223023	18	20604559	20604666
ENSG00000222999	18	20716399	20716476
ENSG00000266495	18	20837128	20840318
ENSG00000199357	18	21036335	21036431
ENSG00000199366	18	21161980	21162085
ENSG00000267752	18	21252217	21252712
ENSG00000267301	18	21289789	21290251
ENSG00000221389	18	21474079	21474170
ENSG00000265752	18	21537718	21562520
ENSG00000264745	18	21574177	21595303
ENSG00000265204	18	21656758	21679284
ENSG00000264924	18	21693601	21700967
ENSG00000206863	18	21704134	21704249
ENSG00000265750	18	21739473	21742175
ENSG00000199874	18	21750469	21750587
ENSG00000206766	18	21798264	21798368
ENSG00000141401	18	11981024	12030876
ENSG00000181626	18	12093852	12129748
ENSG00000176194	18	12254318	12277594
ENSG00000176014	18	12307668	12344319
ENSG00000141385	18	12328943	12377313
ENSG00000141391	18	12407895	12432237
ENSG00000134278	18	12446511	12658133
ENSG00000215527	18	12658042	12663470
ENSG00000128789	18	12658737	12725739
ENSG00000101624	18	12661832	12702776
ENSG00000175354	18	12785477	12929642
ENSG00000085415	18	12947132	12987535
ENSG00000101639	18	12991361	13125051
