ENSG00000234769	16	64043	69452
ENSG00000260577	16	68679283	68680071
ENSG00000260860	16	68684959	68685851
ENSG00000261395	16	68720302	68720573
ENSG00000252876	16	31278758	31278812
ENSG00000200558	16	68776383	68776491
ENSG00000260798	16	68848233	68857429
ENSG00000261245	16	31372599	31373016
ENSG00000260459	16	68856490	68856973
ENSG00000199979	16	68919479	68919580
ENSG00000260999	16	68961450	68982164
ENSG00000260757	16	31413886	31416020
ENSG00000266801	16	68967723	68971628
ENSG00000202497	16	69040955	69041058
ENSG00000271129	16	69059763	69060546
ENSG00000244378	16	69067578	69069945
ENSG00000261474	16	31460856	31464814
ENSG00000260267	16	31468032	31471057
ENSG00000207083	16	69209574	69209680
ENSG00000200164	16	69225026	69225126
ENSG00000265113	16	69274452	69275832
ENSG00000261527	16	69477143	69478193
ENSG00000260108	16	69497747	69500167
ENSG00000223109	16	69599711	69599771
ENSG00000260772	16	69736968	69738555
ENSG00000238683	16	69742475	69742578
ENSG00000261602	16	69743777	69744486
ENSG00000262136	16	69760916	69776466
ENSG00000178188	16	28857921	28885526
ENSG00000260290	16	69790439	69791840
ENSG00000161980	16	96407	103628
ENSG00000252670	16	69814940	69815031
ENSG00000252443	16	69819897	69820016
ENSG00000208017	16	69966984	69967083
ENSG00000260740	16	31498691	31499813
ENSG00000260625	16	31519792	31520569
ENSG00000261648	16	31558019	31558558
ENSG00000196696	16	70010200	70099851
ENSG00000213547	16	31558126	31559058
ENSG00000261475	16	31560464	31564888
ENSG00000161981	16	103010	107669
ENSG00000260646	16	1562980	1564676
ENSG00000260954	16	1629243	1630309
ENSG00000260989	16	1630528	1660329
ENSG00000226890	16	1675629	1676161
ENSG00000261399	16	1763528	1764209
ENSG00000007384	16	108058	126354
ENSG00000265820	16	1784986	1785067
ENSG00000261207	16	1801560	1802263
ENSG00000260541	16	1891021	1893548
ENSG00000265999	16	1925658	1925735
ENSG00000259947	16	1939115	1940435
ENSG00000260883	16	31565426	31566233
ENSG00000261741	16	31574403	31579037
ENSG00000102977	16	67691415	67694713
ENSG00000270466	16	30389755	30393863
ENSG00000263769	16	1944686	1944937
ENSG00000206811	16	2012335	2012467
ENSG00000207405	16	2012974	2013107
ENSG00000255513	16	2013746	2014096
ENSG00000261614	16	31579707	31580796
ENSG00000255198	16	2014960	2015510
ENSG00000260010	16	31612914	31614852
ENSG00000237185	16	31659628	31660543
ENSG00000261790	16	2034878	2040358
ENSG00000260631	16	31692168	31693422
ENSG00000260107	16	2047655	2048375
ENSG00000265386	16	2063182	2063475
ENSG00000221656	16	2140196	2140285
ENSG00000260472	16	31708718	31708928
ENSG00000259933	16	2141437	2145426
ENSG00000260568	16	31710997	31711786
ENSG00000261123	16	2144831	2147027
ENSG00000261240	16	2162336	2163343
ENSG00000260447	16	2169208	2170249
ENSG00000131797	16	31711911	31721097
ENSG00000200059	16	2181852	2181951
ENSG00000265867	16	2183120	2183205
ENSG00000264397	16	2185978	2186130
ENSG00000260260	16	2204798	2205359
ENSG00000206630	16	2205024	2205106
ENSG00000252958	16	2255031	2255137
ENSG00000261532	16	2261998	2262864
ENSG00000259780	16	2285690	2286914
ENSG00000103152	16	127006	135852
ENSG00000103148	16	134273	188859
ENSG00000226232	16	70010291	70030091
ENSG00000255185	16	70044654	70099848
ENSG00000239118	16	70064249	70064325
ENSG00000261663	16	2290488	2291819
ENSG00000207715	16	2317788	2317881
ENSG00000260778	16	2318156	2323419
ENSG00000266643	16	2320714	2320773
ENSG00000264004	16	2324621	2324692
ENSG00000243445	16	2382314	2382733
ENSG00000238098	16	2389151	2476700
ENSG00000241183	16	70113032	70113527
ENSG00000247228	16	70190243	70207351
ENSG00000102981	16	67694849	67696681
ENSG00000261145	16	70236257	70236362
ENSG00000261556	16	70253477	70279519
ENSG00000196296	16	28889726	28915830
ENSG00000260095	16	2502582	2502978
ENSG00000260874	16	2506253	2509980
ENSG00000259895	16	2514951	2518214
ENSG00000260293	16	2526559	2527062
ENSG00000266232	16	2581923	2582006
ENSG00000130656	16	202686	204502
ENSG00000206177	16	203891	216767
ENSG00000261731	16	31720434	31723305
ENSG00000259810	16	31799523	31802314
ENSG00000260722	16	31812906	31813818
ENSG00000261457	16	31814268	31819294
ENSG00000188536	16	222846	223709
ENSG00000180663	16	31819247	31820165
ENSG00000261284	16	31874954	31876197
ENSG00000259874	16	31882208	31882445
ENSG00000259950	16	31905863	31906304
ENSG00000238734	16	70266882	70266985
ENSG00000261289	16	31963481	31963794
ENSG00000265230	16	70298072	70298383
ENSG00000265648	16	70309972	70310251
ENSG00000206172	16	226679	227521
ENSG00000261777	16	70349543	70380650
ENSG00000197476	16	31973384	31985682
ENSG00000261613	16	2604061	2606061
ENSG00000261288	16	2604976	2606106
ENSG00000260111	16	70413360	70433405
ENSG00000269937	16	2611472	2615097
ENSG00000260218	16	31975124	31975400
ENSG00000240043	16	70478577	70478815
ENSG00000261140	16	2619044	2621937
ENSG00000260628	16	31987124	32015049
ENSG00000124074	16	67696848	67701168
ENSG00000086506	16	230452	231180
ENSG00000260436	16	2621571	2622354
ENSG00000261093	16	2647882	2649719
ENSG00000215154	16	2653351	2680495
ENSG00000205918	16	2666122	2693297
ENSG00000261727	16	32019759	32096106
ENSG00000261704	16	32046174	32046647
ENSG00000159761	16	67700719	67702661
ENSG00000260048	16	32070405	32070693
ENSG00000007392	16	238968	279462
ENSG00000260176	16	2694085	2695215
ENSG00000230267	16	32114566	32199434
ENSG00000260565	16	2710350	2723445
ENSG00000141098	16	67708434	67753324
ENSG00000222055	16	2763020	2763101
ENSG00000205913	16	2787077	2802601
ENSG00000141084	16	67757005	67840555
ENSG00000265864	16	2819873	2819950
ENSG00000221719	16	2846409	2846533
ENSG00000177548	16	28915742	28947847
ENSG00000215148	16	2848486	2855148
ENSG00000262154	16	2872660	2872994
ENSG00000172460	16	2889569	2892745
ENSG00000260584	16	32128021	32128318
ENSG00000263325	16	2907899	2909727
ENSG00000260847	16	32199654	32204851
ENSG00000263280	16	2916349	2917619
ENSG00000260649	16	32200583	32200802
ENSG00000262959	16	2972663	2973203
ENSG00000262482	16	2989715	3004277
ENSG00000260540	16	32211223	32214143
ENSG00000262152	16	3038962	3044510
ENSG00000260344	16	32224701	32224824
ENSG00000260575	16	32261941	32265743
ENSG00000260402	16	32274148	32276835
ENSG00000270097	16	3049903	3050390
ENSG00000167930	16	284545	319942
ENSG00000270168	16	3051301	3052017
ENSG00000259822	16	32290187	32290436
ENSG00000262362	16	3053432	3055102
ENSG00000272079	16	3056121	3057386
ENSG00000261127	16	32300868	32321876
ENSG00000205890	16	3082482	3089134
ENSG00000260516	16	32368302	32375016
ENSG00000260327	16	32390392	32391370
ENSG00000260866	16	32399456	32447521
ENSG00000260307	16	32450390	32452480
ENSG00000200153	16	70479196	70479302
ENSG00000221514	16	70563412	70563491
ENSG00000221066	16	70571908	70572001
ENSG00000260023	16	70610204	70611571
ENSG00000260156	16	70780960	70781829
ENSG00000214353	16	70789001	70807154
ENSG00000261541	16	32465933	32470079
ENSG00000262890	16	70835986	70836743
ENSG00000221725	16	70886601	70886717
ENSG00000251700	16	70902110	70902171
ENSG00000223316	16	70907087	70907216
ENSG00000259833	16	71114769	71127570
ENSG00000259798	16	71147255	71147903
ENSG00000261260	16	71335486	71336772
ENSG00000221237	16	71365092	71365202
ENSG00000261348	16	71444343	71460367
ENSG00000262120	16	71454386	71455421
ENSG00000260734	16	71464165	71466185
ENSG00000262008	16	71476958	71477759
ENSG00000247324	16	71496181	71499844
ENSG00000260520	16	71547766	71551752
ENSG00000260015	16	71573737	71575728
ENSG00000252339	16	71597333	71597431
ENSG00000260886	16	71599692	71612090
ENSG00000260593	16	71657611	71660719
ENSG00000260185	16	71688930	71698115
ENSG00000199301	16	71699994	71700100
ENSG00000263666	16	71732470	71732604
ENSG00000261513	16	71757083	71758133
ENSG00000260612	16	71760878	71761895
ENSG00000223224	16	71792305	71792390
ENSG00000262140	16	71867690	71869835
ENSG00000261765	16	71915456	71916176
ENSG00000261337	16	71952815	71959638
ENSG00000261971	16	3101992	3109371
ENSG00000269881	16	299546	319942
ENSG00000187008	16	71963441	72033877
ENSG00000076344	16	318300	325980
ENSG00000252561	16	3119524	3119652
ENSG00000262370	16	3126912	3137101
ENSG00000102904	16	67840668	67866051
ENSG00000263320	16	71963914	71965102
ENSG00000242176	16	72025050	72025204
ENSG00000200204	16	3136144	3136301
ENSG00000263011	16	3156765	3159577
ENSG00000263214	16	3160461	3165599
ENSG00000263072	16	3166043	3184883
ENSG00000261889	16	3206737	3207484
ENSG00000262521	16	3231233	3234018
ENSG00000262668	16	3238212	3274779
ENSG00000177455	16	28943260	28950667
ENSG00000203581	16	3265562	3266546
ENSG00000262899	16	3357573	3358393
ENSG00000262554	16	3358609	3358816
ENSG00000262316	16	3373192	3373925
ENSG00000263311	16	72038138	72038702
ENSG00000242173	16	318726	333003
ENSG00000263232	16	72038936	72040442
ENSG00000260252	16	72118756	72121342
ENSG00000261673	16	72258464	72259043
ENSG00000176953	16	28962128	28978418
ENSG00000261774	16	72312167	72312467
ENSG00000207514	16	72410603	72410659
ENSG00000261008	16	72459384	72698908
ENSG00000260664	16	72459847	72463072
ENSG00000221286	16	72613441	72613536
ENSG00000259768	16	72699069	72821143
ENSG00000238731	16	72707402	72707463
ENSG00000261764	16	72762515	72763793
ENSG00000265573	16	72821592	72821672
ENSG00000259901	16	72823142	72825522
ENSG00000259209	16	72840887	72843538
ENSG00000251868	16	72855832	72855891
ENSG00000221799	16	73018756	73018853
ENSG00000272330	16	73048218	73048375
ENSG00000272250	16	73094144	73094658
ENSG00000271009	16	73094369	73096215
ENSG00000260880	16	73126248	73127673
ENSG00000261227	16	73265954	73267869
ENSG00000258779	16	73420704	73455292
ENSG00000185615	16	333152	337215
ENSG00000258582	16	73517216	73521643
ENSG00000260687	16	73533208	73533662
ENSG00000259971	16	73545075	73545553
ENSG00000260848	16	73577840	73592421
ENSG00000259817	16	73846520	73849953
ENSG00000225178	16	73974538	73975423
ENSG00000261404	16	74088050	74330660
ENSG00000102901	16	67862060	67881714
ENSG00000169682	16	28985542	28995869
ENSG00000262118	16	3417719	3419246
ENSG00000263177	16	3419957	3420906
ENSG00000263212	16	3508071	3565564
ENSG00000103126	16	337440	402673
ENSG00000240311	16	3546201	3546768
ENSG00000262312	16	3594431	3595785
ENSG00000261938	16	3631182	3633267
ENSG00000263235	16	3700637	3701704
ENSG00000178430	16	3725411	3727060
ENSG00000262516	16	3890529	3891011
ENSG00000262888	16	3981218	3996306
ENSG00000262185	16	3997610	4000445
ENSG00000263159	16	4082013	4082937
ENSG00000262471	16	4180556	4180821
ENSG00000263105	16	4230118	4233516
ENSG00000262468	16	4295826	4303790
ENSG00000262686	16	4374668	4378341
ENSG00000262712	16	4385871	4387819
ENSG00000261789	16	4610002	4611663
ENSG00000261612	16	4612815	4613129
ENSG00000260662	16	32471587	32471683
ENSG00000261233	16	32486372	32489571
ENSG00000259966	16	32611620	32626960
ENSG00000263955	16	4683596	4683882
ENSG00000261442	16	4684330	4690624
ENSG00000262187	16	32630054	32630173
ENSG00000266994	16	4780116	4802566
ENSG00000261111	16	32646994	32647366
ENSG00000267077	16	4845266	4846533
ENSG00000256599	16	4853207	4854787
ENSG00000200980	16	5001774	5001892
ENSG00000261569	16	32660514	32675277
ENSG00000267072	16	5060910	5092251
ENSG00000261263	16	32661516	32662231
ENSG00000260311	16	32675246	32677854
ENSG00000260974	16	32686358	32690152
ENSG00000261391	16	32727252	32727377
ENSG00000260864	16	32737936	32740858
ENSG00000260845	16	32747230	32752415
ENSG00000261108	16	32750948	32751487
ENSG00000260882	16	5128169	5128606
ENSG00000260644	16	32752635	32787517
ENSG00000267070	16	5148740	5192596
ENSG00000260431	16	5257089	5257440
ENSG00000086504	16	417384	420527
ENSG00000261811	16	5265395	5270595
ENSG00000260411	16	5289803	6826015
ENSG00000260817	16	5310687	5311044
ENSG00000221809	16	5313224	5313372
ENSG00000242278	16	5320175	5320955
ENSG00000267182	16	5339201	5339410
ENSG00000261007	16	5415798	5416689
ENSG00000260158	16	32820877	32835966
ENSG00000261719	16	32822350	32822572
ENSG00000259934	16	32857285	32857501
ENSG00000260047	16	32881306	32883370
ENSG00000214617	16	32888790	32896822
ENSG00000129925	16	420773	437113
ENSG00000214614	16	32896515	32900195
ENSG00000261834	16	32914763	32915215
ENSG00000270864	16	32926395	32926857
ENSG00000260610	16	32943089	32943890
ENSG00000261259	16	32963314	33039358
ENSG00000259852	16	32989782	32990212
ENSG00000260921	16	33006858	33008091
ENSG00000259997	16	33013654	33013942
ENSG00000260141	16	33054930	33106752
ENSG00000260900	16	33071257	33071419
ENSG00000261599	16	33105525	33140411
ENSG00000103202	16	446725	460367
ENSG00000261682	16	33140637	33145820
ENSG00000259800	16	33141556	33141763
ENSG00000260471	16	74254828	74255326
ENSG00000261536	16	33152171	33155118
ENSG00000261248	16	74316313	74321417
ENSG00000259972	16	74339100	74369244
ENSG00000239763	16	74346507	74347288
ENSG00000260414	16	33165673	33165796
ENSG00000260884	16	74347235	74349532
ENSG00000214331	16	74366300	74402138
ENSG00000260419	16	33202882	33206675
ENSG00000260827	16	33215094	33217783
ENSG00000261507	16	33217752	33231583
ENSG00000263337	16	33246423	33246597
ENSG00000261009	16	33271714	33274156
ENSG00000261079	16	74401360	74403724
ENSG00000261170	16	74456018	74469152
ENSG00000260539	16	74481325	74483790
ENSG00000263204	16	33287358	33287592
ENSG00000251794	16	74490439	74490509
ENSG00000242612	16	451826	462487
ENSG00000207525	16	74497786	74497886
ENSG00000262090	16	33298410	33298560
ENSG00000260626	16	33336283	33337443
ENSG00000213658	16	28996147	29002104
ENSG00000260338	16	5651170	5666197
ENSG00000221257	16	5810688	5810789
ENSG00000270440	16	5888132	5888662
ENSG00000240861	16	74586149	74586644
ENSG00000257180	16	6106976	6142955
ENSG00000270945	16	74646494	74647119
ENSG00000262904	16	74701404	74702604
ENSG00000260835	16	6623768	6627360
ENSG00000259963	16	6771787	6771961
ENSG00000263661	16	74781109	74781209
ENSG00000252080	16	6798909	6798970
ENSG00000261458	16	74876485	74877781
ENSG00000200869	16	6923900	6924006
ENSG00000212189	16	7054008	7054113
ENSG00000240419	16	7176294	7176640
ENSG00000252405	16	7481218	7481297
ENSG00000247033	16	75142499	75144610
ENSG00000261198	16	7664232	7664994
ENSG00000261058	16	75153456	75178098
ENSG00000252138	16	7776843	7776953
ENSG00000260289	16	7938491	7944397
ENSG00000213318	16	75226363	75227145
ENSG00000222109	16	7949340	7949433
ENSG00000260003	16	8326265	8345702
ENSG00000240338	16	75259972	75262093
ENSG00000261319	16	8348494	8349774
ENSG00000264844	16	8359541	8359659
ENSG00000260058	16	8359964	8407862
ENSG00000259819	16	8419866	8426278
ENSG00000260379	16	8558071	8558587
ENSG00000261066	16	8576551	8582015
ENSG00000243954	16	8777111	8777406
ENSG00000238417	16	8799313	8799374
ENSG00000260764	16	8825273	8825416
ENSG00000252101	16	75320610	75320696
ENSG00000259999	16	75355788	75358946
ENSG00000261783	16	75413716	75415158
ENSG00000260350	16	8941507	8942581
ENSG00000260276	16	8941962	8954274
ENSG00000261200	16	33344309	33348279
ENSG00000261466	16	33350764	33356875
ENSG00000261405	16	33365116	33373402
ENSG00000259939	16	8947169	8948204
ENSG00000261481	16	8963108	8963889
ENSG00000260979	16	9056563	9060847
ENSG00000261392	16	9162411	9166269
ENSG00000262944	16	9198705	9200618
ENSG00000168286	16	67876213	67878097
ENSG00000260349	16	9199691	9201031
ENSG00000263244	16	9201098	9207038
ENSG00000090565	16	475619	573011
ENSG00000102898	16	67880635	67906470
ENSG00000263277	16	33379962	33380091
ENSG00000259882	16	33390406	33425011
ENSG00000252122	16	75443230	75443364
ENSG00000261476	16	75492150	75493915
ENSG00000203472	16	75509794	75529305
ENSG00000262583	16	75533686	75550178
ENSG00000259992	16	75575297	75642343
ENSG00000240199	16	75732431	75732728
ENSG00000260518	16	33489492	33500971
ENSG00000261424	16	75742954	75743713
ENSG00000261313	16	75872528	75894765
ENSG00000199299	16	75894946	75895055
ENSG00000260223	16	76141181	76181704
ENSG00000260983	16	76262283	76296263
ENSG00000244485	16	76268953	76269521
ENSG00000252814	16	76321527	76321636
ENSG00000264645	16	76413923	76414056
ENSG00000252022	16	76503405	76503492
ENSG00000250514	16	76668895	76692375
ENSG00000259995	16	76770239	76962066
ENSG00000266426	16	76902833	76902916
ENSG00000260797	16	76912171	76912833
ENSG00000261063	16	77235371	77283854
ENSG00000226348	16	77254303	77255155
ENSG00000103326	16	577717	604636
ENSG00000038358	16	67906926	67918406
ENSG00000220793	16	9250219	9250761
ENSG00000264694	16	9407692	9407761
ENSG00000266492	16	9407764	9407831
ENSG00000261617	16	9449445	9501950
ENSG00000261397	16	9535151	9538842
ENSG00000261075	16	9539867	9549362
ENSG00000260071	16	9560512	9611421
ENSG00000200468	16	9658247	9658354
ENSG00000252927	16	9693954	9694085
ENSG00000260432	16	9847272	9851895
ENSG00000261810	16	10127541	10131154
ENSG00000261647	16	10205239	10206742
ENSG00000261580	16	33571888	33572146
ENSG00000161992	16	610422	615528
ENSG00000266439	16	10315634	10315930
ENSG00000260756	16	10445297	10446609
ENSG00000260308	16	33573502	33573715
ENSG00000264305	16	10499800	10500074
ENSG00000261153	16	33611245	33613234
ENSG00000199482	16	10590129	10590231
ENSG00000260468	16	10608699	10622059
ENSG00000270924	16	33650943	33651111
ENSG00000256013	16	10623297	10625939
ENSG00000271691	16	33654252	33654536
ENSG00000260310	16	10670356	10672040
ENSG00000263279	16	10785130	10786830
ENSG00000263241	16	10812490	10813619
ENSG00000260312	16	33660402	33661331
ENSG00000270318	16	33661363	33661819
ENSG00000262107	16	10813690	10813872
ENSG00000261904	16	10813872	10815321
ENSG00000260525	16	33677506	33677935
ENSG00000262322	16	10815555	10816925
ENSG00000260781	16	33709886	33739634
ENSG00000196796	16	29049923	29064047
ENSG00000262259	16	10816922	10817212
ENSG00000263196	16	10817281	10817623
ENSG00000262158	16	10817693	10818474
ENSG00000262381	16	10818477	10819153
ENSG00000262488	16	10934241	10935401
ENSG00000262151	16	10958771	10982609
ENSG00000263013	16	11032743	11033901
ENSG00000262222	16	11034576	11036878
ENSG00000229917	16	11120881	11121620
ENSG00000007541	16	616995	634136
ENSG00000254206	16	29392675	29415350
ENSG00000262020	16	11160353	11164959
ENSG00000263033	16	11290034	11318373
ENSG00000263179	16	11336510	11337409
ENSG00000271620	16	33740804	33741266
ENSG00000212228	16	11367970	11368093
ENSG00000261607	16	33750745	33751015
ENSG00000261740	16	29454551	29465972
ENSG00000259842	16	33752443	33752887
ENSG00000260922	16	77268774	77324831
ENSG00000260701	16	77467279	77478233
ENSG00000216131	16	77469907	77469999
ENSG00000261154	16	77624703	77644578
ENSG00000221226	16	77744198	77744281
ENSG00000261707	16	77775365	77776897
ENSG00000183336	16	29464914	29466285
ENSG00000261330	16	77926319	77926812
ENSG00000261540	16	78048580	78093351
ENSG00000260731	16	78082380	78083794
ENSG00000261776	16	78089721	78090824
ENSG00000260969	16	78271259	78275115
ENSG00000260014	16	78389426	78389731
ENSG00000260733	16	78529823	78540465
ENSG00000261837	16	78568271	78569545
ENSG00000243101	16	78859178	78859903
ENSG00000260816	16	78931062	78933541
ENSG00000261537	16	79028242	79038627
ENSG00000260694	16	79111273	79112131
ENSG00000260479	16	79123947	79135651
ENSG00000260511	16	79139854	79144779
ENSG00000261722	16	79246608	79263350
ENSG00000222244	16	79298351	79298470
ENSG00000261472	16	79539500	79550190
ENSG00000221330	16	79703552	79703634
ENSG00000260876	16	79710005	79841819
ENSG00000261390	16	79750622	79804460
ENSG00000261082	16	79831947	79861047
ENSG00000260237	16	80074559	80079642
ENSG00000257108	16	616996	619495
ENSG00000260706	16	80099733	80201474
ENSG00000259867	16	80188950	80597032
ENSG00000197562	16	639357	679272
ENSG00000270401	16	33768122	33768558
ENSG00000205452	16	33775379	33778813
ENSG00000198555	16	33778506	33790097
ENSG00000181625	16	29465822	29469540
ENSG00000127578	16	679239	684116
ENSG00000130731	16	684429	686358
ENSG00000213648	16	29467127	29476300
ENSG00000238409	16	11387067	11387170
ENSG00000221801	16	11400297	11400384
ENSG00000199668	16	11408924	11409035
ENSG00000263080	16	11435666	11439068
ENSG00000261217	16	33790873	33794018
ENSG00000262703	16	11442000	11443178
ENSG00000238774	16	11442584	11442653
ENSG00000259990	16	33815861	33816297
ENSG00000262636	16	11474716	11474975
ENSG00000262999	16	11559116	11567030
ENSG00000261197	16	33817729	33853828
ENSG00000272310	16	11561497	11561585
ENSG00000265731	16	11571888	11572132
ENSG00000262420	16	11835766	11838362
ENSG00000262561	16	33922937	33923144
ENSG00000261440	16	33938203	33939259
ENSG00000262117	16	11913686	11922702
ENSG00000172366	16	691813	698474
ENSG00000260087	16	33941656	33942010
ENSG00000259987	16	33943723	33944473
ENSG00000260207	16	33944923	33945316
ENSG00000263307	16	11945506	11989468
ENSG00000265616	16	33945949	33946021
ENSG00000256642	16	33961052	33962503
ENSG00000261560	16	11974932	11976426
ENSG00000207986	16	33961652	33961766
ENSG00000260318	16	11997780	11997994
ENSG00000261376	16	80213026	80214579
ENSG00000200434	16	33965426	33965577
ENSG00000260183	16	80581739	80586411
ENSG00000260854	16	34213115	34214215
ENSG00000261216	16	12002065	12002773
ENSG00000266163	16	12009518	12009595
ENSG00000260737	16	80600691	80606705
ENSG00000260224	16	12062365	12062600
ENSG00000261331	16	34213746	34213986
ENSG00000256579	16	34232106	34232469
ENSG00000260488	16	12070708	12071707
ENSG00000241641	16	12175094	12175759
ENSG00000260064	16	80661448	80662276
ENSG00000261566	16	34257222	34258621
ENSG00000265341	16	80699358	80699460
ENSG00000261293	16	12187484	12189164
ENSG00000260594	16	80770257	80776202
ENSG00000238685	16	12391054	12391180
ENSG00000262885	16	34257710	34258136
ENSG00000261394	16	12460839	12466439
ENSG00000260896	16	80862632	80926492
ENSG00000216671	16	34262756	34318684
ENSG00000260723	16	12466669	12467756
ENSG00000260601	16	12639339	12640541
ENSG00000259876	16	12650210	12651551
ENSG00000259899	16	12654613	12704901
ENSG00000260213	16	81050397	81069364
ENSG00000264733	16	12814178	12814228
ENSG00000260378	16	12839730	12851692
ENSG00000261061	16	81064375	81065090
ENSG00000261158	16	12853139	12855019
ENSG00000199474	16	12936344	12936467
ENSG00000260643	16	81087270	81121256
ENSG00000241932	16	12975027	12975350
ENSG00000263984	16	13137329	13137433
ENSG00000262116	16	13291463	13298764
ENSG00000262801	16	13340173	13656775
ENSG00000258150	16	29476288	29479154
ENSG00000261053	16	34320267	34320490
ENSG00000261141	16	81088906	81090031
ENSG00000261838	16	81103459	81110203
ENSG00000260809	16	34324872	34339205
ENSG00000245059	16	81110924	81112466
ENSG00000252608	16	81140138	81140244
ENSG00000260495	16	81344336	81347028
ENSG00000273048	16	81418623	81418698
ENSG00000272923	16	81419068	81421165
ENSG00000260229	16	81509628	81510124
ENSG00000169203	16	29495010	29517320
ENSG00000261218	16	81771853	81801311
ENSG00000262011	16	13425225	13426440
ENSG00000262235	16	13552183	13552555
ENSG00000262267	16	13823994	13873617
ENSG00000161996	16	699311	717833
ENSG00000242307	16	14016189	14016536
ENSG00000262732	16	14024534	14029492
ENSG00000263234	16	14047012	14048682
ENSG00000259979	16	34352609	34353327
ENSG00000262097	16	14103137	14109873
ENSG00000260724	16	34368885	34369446
ENSG00000260449	16	34375269	34375779
ENSG00000261856	16	14112737	14114934
ENSG00000261800	16	34378093	34379252
ENSG00000262529	16	14285677	14294134
ENSG00000188038	16	67918708	67922758
ENSG00000262470	16	14294214	14294836
ENSG00000261836	16	34378356	34378845
ENSG00000257026	16	14359347	14360629
ENSG00000261510	16	34383828	34384161
ENSG00000201075	16	14369362	14369457
ENSG00000262454	16	14396145	14420210
ENSG00000207639	16	14397824	14397906
ENSG00000199130	16	14403142	14403228
ENSG00000260009	16	14456966	14464123
ENSG00000263257	16	14501896	14512729
ENSG00000261461	16	34404063	34404612
ENSG00000198388	16	14548061	14548155
ENSG00000261608	16	34407687	34408464
ENSG00000242430	16	14695684	14695951
ENSG00000238964	16	14737645	14737706
ENSG00000261523	16	14789424	14800912
ENSG00000260073	16	34427061	34430032
ENSG00000254609	16	14821139	14827204
ENSG00000260590	16	34427706	34428105
ENSG00000159792	16	67927175	67963581
ENSG00000260682	16	81993524	81996298
ENSG00000261235	16	82077941	82173236
ENSG00000263636	16	82144658	82144758
ENSG00000260161	16	82154243	82155374
ENSG00000261029	16	82203901	82209408
ENSG00000251888	16	82226110	82226395
ENSG00000264502	16	82381112	82381184
ENSG00000259873	16	82468433	82468986
ENSG00000238321	16	82487925	82488023
ENSG00000261285	16	82529598	82544524
ENSG00000261176	16	82587654	82608815
ENSG00000260862	16	82806924	82863243
ENSG00000221395	16	82875691	82875805
ENSG00000263360	16	82878060	82878358
ENSG00000260832	16	82986835	83023903
ENSG00000261410	16	83416612	83431775
ENSG00000222299	16	83434148	83434220
ENSG00000263785	16	83541951	83542013
ENSG00000261103	16	83743784	83751503
ENSG00000261398	16	34430150	34431915
ENSG00000261274	16	34442274	34442607
ENSG00000197471	16	29674300	29682187
ENSG00000260788	16	83754724	83806541
ENSG00000103485	16	29674600	29710020
ENSG00000259914	16	83759281	83759982
ENSG00000260228	16	83823572	83841439
ENSG00000185905	16	29753784	29757327
ENSG00000174992	16	29789561	29793096
ENSG00000260523	16	83831266	83834245
ENSG00000260932	16	83963401	83964828
ENSG00000199350	16	84073523	84073638
ENSG00000261695	16	14828542	14840034
ENSG00000260018	16	84150656	84151176
ENSG00000255037	16	14860259	14863932
ENSG00000260410	16	84152898	84154758
ENSG00000141086	16	67961543	67966317
ENSG00000255277	16	14914649	14918563
ENSG00000270734	16	14956237	14956606
ENSG00000257264	16	14995356	14996031
ENSG00000263918	16	15001574	15001638
ENSG00000258354	16	15003744	15005202
ENSG00000265537	16	15005077	15005170
ENSG00000183458	16	15005408	15029565
ENSG00000079616	16	29802040	29816706
ENSG00000261884	16	67963517	67969920
ENSG00000205220	16	67968405	67970990
ENSG00000207425	16	15009314	15009413
ENSG00000261819	16	15082116	15084017
ENSG00000250685	16	84226164	84230659
ENSG00000238728	16	15104178	15104254
ENSG00000260872	16	15111963	15114345
ENSG00000260735	16	15188268	15203054
ENSG00000188599	16	15198178	15225458
ENSG00000213398	16	67973653	67978034
ENSG00000260958	16	34442308	34518517
ENSG00000264479	16	34442877	34442942
ENSG00000260967	16	34455954	34456419
ENSG00000140983	16	718086	724174
ENSG00000260984	16	34466783	34470355
ENSG00000259897	16	34480287	34481905
ENSG00000261010	16	34489563	34490004
ENSG00000261752	16	34493001	34494000
ENSG00000221532	16	34510863	34510964
ENSG00000260846	16	34569648	34571260
ENSG00000261486	16	34578462	34578930
ENSG00000260427	16	34581756	34582668
ENSG00000260480	16	34586853	34587393
ENSG00000259841	16	34597783	34624955
ENSG00000260291	16	34618515	34619457
ENSG00000261689	16	34623574	34624374
ENSG00000260598	16	34640118	34641720
ENSG00000260812	16	34648650	34649118
ENSG00000260680	16	34654662	34655580
ENSG00000261299	16	34659735	34660854
ENSG00000214581	16	34681269	34683395
ENSG00000261711	16	34711785	34714852
ENSG00000270580	16	15198580	15225458
ENSG00000250251	16	15219099	15248421
ENSG00000207294	16	15244554	15244653
ENSG00000264115	16	15248707	15248859
ENSG00000257391	16	15248760	15250877
ENSG00000260153	16	34720137	34720596
ENSG00000259836	16	34723608	34724583
ENSG00000261350	16	34725545	34726766
ENSG00000260341	16	34726695	34727817
ENSG00000261445	16	34728125	34730828
ENSG00000260857	16	34739464	34740833
ENSG00000269622	16	34740963	34741541
ENSG00000261733	16	34763493	34763688
ENSG00000259996	16	34777650	34778016
ENSG00000260994	16	34782288	34783200
ENSG00000261046	16	34787280	34788372
ENSG00000260134	16	34809205	34809865
ENSG00000260746	16	34872994	34879551
ENSG00000259791	16	34874400	34874953
ENSG00000260522	16	34956639	34956900
ENSG00000251915	16	34968764	34968875
ENSG00000222207	16	34969010	34969119
ENSG00000251924	16	34969743	34969842
ENSG00000252624	16	34969996	34970104
ENSG00000124067	16	67977377	68003504
ENSG00000261122	16	34977639	34990886
ENSG00000252094	16	34980360	34980465
ENSG00000252182	16	34981403	34981511
ENSG00000253055	16	34984432	34984546
ENSG00000252647	16	34985945	34986055
ENSG00000252268	16	34986199	34986306
ENSG00000251760	16	34987197	34987313
ENSG00000251717	16	34988167	34988301
ENSG00000103269	16	725666	728268
ENSG00000264182	16	15252314	15252378
ENSG00000257769	16	15702331	15704420
ENSG00000272213	16	15737151	15737229
ENSG00000262380	16	15777147	15778427
ENSG00000263335	16	15820531	15826850
ENSG00000263065	16	15835008	15835648
ENSG00000252806	16	34988417	34988553
ENSG00000252673	16	34988926	34989059
ENSG00000252587	16	34989294	34989404
ENSG00000252936	16	34989548	34989656
ENSG00000260611	16	35019940	35021258
ENSG00000261620	16	35037240	35037651
ENSG00000261515	16	35071257	35072103
ENSG00000261782	16	35113407	35113869
ENSG00000221580	16	35136344	35136453
ENSG00000103266	16	730224	732870
ENSG00000206778	16	15971020	15971123
ENSG00000262171	16	15978886	15980015
ENSG00000215003	16	16025554	16026151
ENSG00000241067	16	16188049	16189066
ENSG00000262332	16	16316884	16318118
ENSG00000263029	16	16354723	16355092
ENSG00000262848	16	16383992	16386099
ENSG00000263198	16	16386035	16388663
ENSG00000257381	16	16394007	16394683
ENSG00000260858	16	84288876	84294655
ENSG00000264722	16	16400227	16400291
ENSG00000201361	16	84296421	84296534
ENSG00000257366	16	16402399	16403857
ENSG00000260530	16	84329104	84330591
ENSG00000265373	16	16403732	16403825
ENSG00000260504	16	84376070	84377013
ENSG00000261286	16	84492865	84500967
ENSG00000261243	16	84529205	84531101
ENSG00000261471	16	84627999	84630432
ENSG00000260859	16	84861869	84862848
ENSG00000265249	16	84886574	84886673
ENSG00000260340	16	84961959	84973209
ENSG00000270313	16	85312426	85312641
ENSG00000179219	16	85316564	85319569
ENSG00000266307	16	85339832	85339931
ENSG00000244257	16	16404198	16428047
ENSG00000264203	16	85475029	85475098
ENSG00000270124	16	85613615	85617177
ENSG00000260417	16	85625872	85629326
ENSG00000263968	16	85692984	85693279
ENSG00000222190	16	85775227	85775306
ENSG00000269898	16	85776893	85777831
ENSG00000206706	16	16407969	16408068
ENSG00000227827	16	16450081	16471364
ENSG00000252311	16	85815381	85815505
ENSG00000270184	16	85817988	85821223
ENSG00000161999	16	731671	734529
ENSG00000270159	16	85826021	85826539
ENSG00000270698	16	85848031	85848668
ENSG00000214259	16	85849479	85850142
ENSG00000268804	16	85968887	85969829
ENSG00000269667	16	86015356	86018329
ENSG00000261177	16	86115015	86123132
ENSG00000268078	16	86191812	86192404
ENSG00000268505	16	86226399	86232519
ENSG00000269186	16	86229787	86233326
ENSG00000103495	16	29817427	29823649
ENSG00000270058	16	86255029	86256335
ENSG00000268754	16	86259186	86309351
ENSG00000199949	16	86309036	86309129
ENSG00000268532	16	86320033	86326995
ENSG00000168367	16	86365450	86383289
ENSG00000269826	16	86380993	86383217
ENSG00000167371	16	29823177	29827201
ENSG00000127580	16	734622	740444
ENSG00000185928	16	29827285	29841948
ENSG00000127585	16	742500	755829
ENSG00000263136	16	29827832	29831438
ENSG00000261084	16	35146491	35146887
ENSG00000268473	16	86468436	86469490
ENSG00000268388	16	86508135	86542705
ENSG00000261239	16	46503253	46603009
ENSG00000270020	16	86553989	86557503
ENSG00000243697	16	86559063	86559858
ENSG00000013364	16	29831715	29859355
ENSG00000260944	16	86598751	86601367
ENSG00000103260	16	765115	769655
ENSG00000260387	16	86669934	86670751
ENSG00000261161	16	86679907	86702529
ENSG00000260026	16	86754294	86755560
ENSG00000261175	16	86755697	86771432
ENSG00000260795	16	86939781	86940078
ENSG00000232190	16	87091390	87097597
ENSG00000261363	16	87100311	87103354
ENSG00000261095	16	87245728	87260036
ENSG00000261651	16	87249521	87250058
ENSG00000261697	16	87296365	87326044
ENSG00000103254	16	770581	772601
ENSG00000199448	16	46590001	46590103
ENSG00000261356	16	46605449	46606048
ENSG00000260251	16	46607675	46609006
ENSG00000261181	16	16488769	16492451
ENSG00000261362	16	16635074	16635704
ENSG00000264752	16	16731112	16731387
ENSG00000260126	16	16752084	16757992
ENSG00000261748	16	17046359	17047325
ENSG00000260675	16	17188208	17188784
ENSG00000260405	16	17190059	17190278
ENSG00000261448	16	17228361	17232593
ENSG00000260945	16	17634188	17634842
ENSG00000261555	16	17919109	17920763
ENSG00000228071	16	18026577	18027132
ENSG00000162004	16	772582	776954
ENSG00000261512	16	46656773	46658363
ENSG00000259929	16	18027046	18245452
ENSG00000259856	16	46660316	46660904
ENSG00000260909	16	46683038	46683761
ENSG00000260242	16	18096663	18266920
ENSG00000260933	16	18264213	18264816
ENSG00000261131	16	46694608	46695503
ENSG00000261788	16	46737281	46737937
ENSG00000205746	16	18428257	18488396
ENSG00000260782	16	46823810	46825952
ENSG00000243705	16	87301791	87301943
ENSG00000239186	16	87348326	87348429
ENSG00000260889	16	46876544	46878530
ENSG00000270006	16	87351115	87351643
ENSG00000270082	16	87360593	87361190
ENSG00000261725	16	46884911	46885166
ENSG00000269901	16	87396142	87401082
ENSG00000261592	16	87430310	87433901
ENSG00000261173	16	47007900	47012894
ENSG00000259821	16	47038424	47069296
ENSG00000260750	16	87526161	87549241
ENSG00000259983	16	47047868	47048276
ENSG00000238834	16	47154830	47154932
ENSG00000269935	16	87634132	87635796
ENSG00000260281	16	47178234	47196658
ENSG00000260671	16	87773369	87781312
ENSG00000260498	16	87807094	87812980
ENSG00000260177	16	87813740	87840082
ENSG00000260466	16	87870138	87871269
ENSG00000260603	16	87926544	87927291
ENSG00000270385	16	87926561	87927341
ENSG00000260443	16	87978664	87978808
ENSG00000261193	16	88112767	88120989
ENSG00000260166	16	88120993	88121538
ENSG00000205037	16	88121647	88134591
ENSG00000260162	16	88210895	88212252
ENSG00000261327	16	88210904	88219696
ENSG00000261816	16	88225092	88227273
ENSG00000260420	16	88227920	88228823
ENSG00000239840	16	47184043	47184477
ENSG00000261273	16	88268391	88336117
ENSG00000260744	16	47230222	47236340
ENSG00000260012	16	47296652	47297411
ENSG00000261369	16	47333358	47351725
ENSG00000222767	16	47346938	47347032
ENSG00000212290	16	47484258	47484372
ENSG00000222268	16	47539343	47539454
ENSG00000262038	16	47563101	47563827
ENSG00000259866	16	47595218	47596391
ENSG00000141096	16	68009566	68014732
ENSG00000261336	16	47599001	47600795
ENSG00000259918	16	47632565	47632907
ENSG00000261231	16	47758479	47942342
ENSG00000260497	16	47794691	47794832
ENSG00000261325	16	47883225	47921041
ENSG00000260450	16	47999583	48005598
ENSG00000261017	16	48093582	48093906
ENSG00000261538	16	48198863	48201149
ENSG00000240793	16	48368382	48368765
ENSG00000103253	16	776936	785525
ENSG00000103502	16	29869678	29875057
ENSG00000265077	16	48448689	48448970
ENSG00000239138	16	48455038	48455114
ENSG00000167261	16	68021297	68034489
ENSG00000261802	16	48481815	48482309
ENSG00000260688	16	48504864	48505044
ENSG00000239013	16	48526309	48526412
ENSG00000260347	16	48530901	48532512
ENSG00000261267	16	48593572	48621314
ENSG00000243609	16	48611435	48612280
ENSG00000260033	16	48634087	48634555
ENSG00000259912	16	48654230	48655944
ENSG00000260086	16	48657347	48778553
ENSG00000260052	16	48671054	48672630
ENSG00000272545	16	48674384	48674963
ENSG00000220993	16	48685242	48685334
ENSG00000239038	16	48692292	48692396
ENSG00000260726	16	48751994	48753054
ENSG00000254681	16	18458147	18495797
ENSG00000206927	16	18491794	18491893
ENSG00000257563	16	18496003	18497461
ENSG00000222170	16	48765615	48765712
ENSG00000266291	16	18496035	18496128
ENSG00000265776	16	18499555	18499619
ENSG00000257527	16	18505166	18505708
ENSG00000266454	16	18505751	18505834
ENSG00000262974	16	18544740	18545139
ENSG00000260550	16	18581770	18583005
ENSG00000256340	16	18582484	18609650
ENSG00000260017	16	18814405	18823503
ENSG00000238329	16	18881488	18881591
ENSG00000260352	16	18938185	18948365
ENSG00000265515	16	18941518	18941604
ENSG00000207167	16	19023479	19023585
ENSG00000103245	16	779753	791329
ENSG00000260184	16	48883830	48883926
ENSG00000260067	16	49100478	49100640
ENSG00000261421	16	49193419	49195934
ENSG00000261815	16	49204463	49205697
ENSG00000260614	16	49321341	49324138
ENSG00000259957	16	49328797	49330647
ENSG00000259839	16	49370594	49371256
ENSG00000260769	16	49371078	49372904
ENSG00000262950	16	49476821	49487989
ENSG00000263110	16	49488140	49491180
ENSG00000261623	16	49500017	49503786
ENSG00000263456	16	88535326	88535439
ENSG00000261744	16	88579368	88597461
ENSG00000167264	16	68021649	68113223
ENSG00000260630	16	88729706	88753594
ENSG00000259813	16	88762909	88765018
ENSG00000265672	16	88782686	88782745
ENSG00000174938	16	29882480	29910868
ENSG00000260121	16	88785023	88786867
ENSG00000224888	16	88797588	88807826
ENSG00000260617	16	88808039	88808775
ENSG00000182376	16	88809175	88812156
ENSG00000259881	16	88947446	88953544
ENSG00000261226	16	89003187	89006059
ENSG00000259989	16	89050440	89061777
ENSG00000256982	16	89112580	89119373
ENSG00000261546	16	89179583	89181687
ENSG00000180422	16	89225554	89230653
ENSG00000102854	16	810762	818865
ENSG00000261465	16	19073821	19079013
ENSG00000261357	16	19077313	19078016
ENSG00000260430	16	19098178	19109432
ENSG00000261759	16	19131298	19132951
ENSG00000205015	16	89232791	89235555
ENSG00000259877	16	89281638	89284061
ENSG00000260659	16	89293215	89295100
ENSG00000260637	16	89323587	89333938
ENSG00000260279	16	89363916	89364724
ENSG00000261253	16	89387541	89391518
ENSG00000261574	16	89458783	89478972
ENSG00000261692	16	89486483	89488634
ENSG00000252887	16	89509726	89509832
ENSG00000270832	16	89525278	89525845
ENSG00000261118	16	89558425	89570868
ENSG00000252579	16	89599924	89599962
ENSG00000200084	16	89627842	89627925
ENSG00000261373	16	89778264	89784573
ENSG00000267048	16	89972565	89984641
ENSG00000256390	16	89985273	89987375
ENSG00000259006	16	89986235	89989070
ENSG00000261317	16	90036199	90038952
ENSG00000260089	16	49551673	49552512
ENSG00000221134	16	49713131	49713212
ENSG00000260024	16	49741917	49742154
ENSG00000259978	16	49798365	49798599
ENSG00000265708	16	49850596	49850695
ENSG00000261751	16	49954641	49958065
ENSG00000244551	16	49968939	49969263
ENSG00000259843	16	50080340	50100135
ENSG00000223959	16	90038994	90068569
ENSG00000162006	16	819428	833370
ENSG00000182810	16	68055179	68057770
ENSG00000007376	16	834974	838397
ENSG00000188477	16	19316203	19322269
ENSG00000259871	16	19326486	19327848
ENSG00000259925	16	19354969	19413015
ENSG00000260681	16	19422051	19422984
ENSG00000260592	16	19488238	19499221
ENSG00000222750	16	19509932	19510069
ENSG00000260934	16	19513011	19513608
ENSG00000261312	16	19717673	19726705
ENSG00000261195	16	19772494	19777421
ENSG00000261939	16	19830826	19830950
ENSG00000265524	16	19901823	19901919
ENSG00000261835	16	50080407	50081709
ENSG00000263253	16	20220247	20220847
ENSG00000227624	16	20250294	20250569
ENSG00000263237	16	20397279	20402486
ENSG00000260298	16	50092061	50093142
ENSG00000262995	16	20451588	20458322
ENSG00000202124	16	50132175	50132269
ENSG00000260381	16	50134250	50155854
ENSG00000260201	16	20592210	20598006
ENSG00000260031	16	50185191	50185488
ENSG00000260762	16	20597872	20618429
ENSG00000252526	16	50185553	50185642
ENSG00000238544	16	50386100	50386203
ENSG00000261393	16	50402491	50405391
ENSG00000261092	16	50424827	50429044
ENSG00000260573	16	50441612	50442424
ENSG00000252077	16	50532072	50532141
ENSG00000260029	16	50585735	50587851
ENSG00000072736	16	68118654	68263162
ENSG00000205414	16	50639987	50647595
ENSG00000260510	16	20754985	20777942
ENSG00000261685	16	50679720	50683160
ENSG00000200893	16	20795831	20795937
ENSG00000263331	16	21132079	21141429
ENSG00000262983	16	21206168	21217298
ENSG00000260249	16	50700122	50705550
ENSG00000189149	16	21312170	21329912
ENSG00000270120	16	50746755	50747500
ENSG00000261644	16	50769624	50774627
ENSG00000260929	16	50774821	50776726
ENSG00000127586	16	838046	850737
ENSG00000264947	16	50776216	50776288
ENSG00000257403	16	21358460	21363459
ENSG00000260616	16	50817770	50837249
ENSG00000261703	16	50840579	50841540
ENSG00000158482	16	21391313	21403412
ENSG00000260042	16	50890525	50913189
ENSG00000199771	16	50903366	50903486
ENSG00000263082	16	50914120	50918012
ENSG00000261241	16	50918120	50934962
ENSG00000261637	16	51051669	51069688
ENSG00000180747	16	21458004	21531765
ENSG00000260605	16	51069029	51072675
ENSG00000260620	16	51088639	51090310
ENSG00000261282	16	51141482	51141932
ENSG00000261238	16	51183150	51183730
ENSG00000261047	16	51277965	51278034
ENSG00000260818	16	51311763	51313023
ENSG00000174939	16	29911696	29931185
ENSG00000260850	16	51388367	51390443
ENSG00000238954	16	21468647	21468750
ENSG00000265462	16	21517370	21517456
ENSG00000258186	16	21531151	21531686
ENSG00000257639	16	21544266	21561694
ENSG00000222019	16	90106169	90114181
ENSG00000260528	16	90168679	90244752
ENSG00000224578	16	51679667	51681043
ENSG00000271609	16	21549808	21550115
ENSG00000252798	16	21598948	21599185
ENSG00000261596	16	21638063	21638723
ENSG00000207248	16	21653375	21653481
ENSG00000207042	16	21653615	21653721
ENSG00000260306	16	21805416	21807080
ENSG00000223168	16	51705147	51705474
ENSG00000260057	16	51796430	51807084
ENSG00000248124	16	21807951	21831731
ENSG00000261470	16	52112534	52114401
ENSG00000260268	16	52116977	52119021
ENSG00000260507	16	90171503	90172724
ENSG00000261172	16	90176982	90234633
ENSG00000127588	16	848041	850733
ENSG00000222359	16	90211000	90211103
ENSG00000174943	16	29916333	29938356
ENSG00000261749	16	52119192	52132979
ENSG00000260975	16	52231924	52261868
ENSG00000260478	16	52271994	52303352
ENSG00000167945	16	855443	863861
ENSG00000103227	16	903634	1031318
ENSG00000260923	16	90252405	90289086
ENSG00000269047	16	1031252	1031663
ENSG00000005513	16	1031808	1036979
ENSG00000162009	16	1122756	1131454
ENSG00000184471	16	1140005	1146244
ENSG00000221515	16	52289363	52289461
ENSG00000260887	16	52292476	52314211
ENSG00000249231	16	52586002	52686017
ENSG00000260963	16	52641261	52647820
ENSG00000260393	16	52641674	52642070
ENSG00000261261	16	52656027	52665000
ENSG00000234337	16	52689216	52689962
ENSG00000260326	16	52968725	52969547
ENSG00000260258	16	52976051	52977376
ENSG00000260939	16	53044307	53045198
ENSG00000261550	16	53069602	53086785
ENSG00000149932	16	29952206	29984373
ENSG00000261291	16	53202434	53203362
ENSG00000212582	16	53284742	53284835
ENSG00000261056	16	53332136	53333704
ENSG00000196557	16	1203241	1271771
ENSG00000238645	16	53368474	53368576
ENSG00000202193	16	53371365	53371483
ENSG00000259962	16	53395931	53397590
ENSG00000260078	16	53398894	53406995
ENSG00000261804	16	53407405	53418657
ENSG00000262714	16	53420856	53422997
ENSG00000252569	16	53477140	53477244
ENSG00000259926	16	53482660	53483502
ENSG00000149930	16	29984962	30003582
ENSG00000103067	16	68263014	68272005
ENSG00000185710	16	21890659	21930477
ENSG00000116176	16	1271651	1275257
ENSG00000197253	16	1277272	1280214
ENSG00000238712	16	21900888	21900991
ENSG00000257408	16	21950186	21956451
ENSG00000260395	16	22009631	22010977
ENSG00000260277	16	22094577	22103552
ENSG00000172236	16	1290697	1292555
ENSG00000149929	16	30003645	30007757
ENSG00000103066	16	68279207	68294961
ENSG00000095917	16	1306060	1308532
ENSG00000261630	16	54015141	54015824
ENSG00000260194	16	54032225	54033881
ENSG00000261049	16	54067909	54088495
ENSG00000260936	16	54073305	54074638
ENSG00000214696	16	54146970	54148378
ENSG00000259759	16	54273605	54274566
ENSG00000261803	16	54399919	54404611
ENSG00000261113	16	22298029	22300059
ENSG00000264079	16	54583215	54583308
ENSG00000261171	16	54881159	54882145
ENSG00000260635	16	22376442	22380368
ENSG00000260790	16	22386180	22389501
ENSG00000245694	16	54952775	54963101
ENSG00000230872	16	22393757	22418749
ENSG00000257122	16	22430090	22449036
ENSG00000259711	16	54968825	54988577
ENSG00000259725	16	54971698	54972583
ENSG00000103275	16	1355548	1377019
ENSG00000260147	16	55041894	55042218
ENSG00000237296	16	22448329	22503541
ENSG00000259283	16	55293881	55367500
ENSG00000239555	16	55325293	55325587
ENSG00000263207	16	55366267	55366879
ENSG00000240760	16	55386633	55387000
ENSG00000260135	16	55461470	55496209
ENSG00000169592	16	30006615	30017114
ENSG00000261997	16	55572112	55575939
ENSG00000260765	16	55762027	55784023
ENSG00000228695	16	55794460	55828070
ENSG00000103064	16	68298433	68335722
ENSG00000239172	16	22492795	22492898
ENSG00000257838	16	22557019	22588186
ENSG00000260973	16	22621852	22623517
ENSG00000260905	16	22623864	22624804
ENSG00000265058	16	22647776	22648065
ENSG00000261090	16	23031658	23034932
ENSG00000260566	16	23072727	23075494
ENSG00000260741	16	23206199	23224425
ENSG00000252838	16	23424905	23425197
ENSG00000212593	16	23453162	23453242
ENSG00000259782	16	23457767	23458603
ENSG00000260136	16	23464079	23468927
ENSG00000261528	16	23512226	23512951
ENSG00000246379	16	56126899	56225006
ENSG00000260247	16	23548382	23548877
ENSG00000260751	16	23579994	23581017
ENSG00000261723	16	23617162	23635428
ENSG00000260482	16	23681332	23684448
ENSG00000260041	16	56143449	56170912
ENSG00000259806	16	23683453	23686820
ENSG00000261266	16	23698370	23699665
ENSG00000261583	16	23723311	23724114
ENSG00000261013	16	56217638	56220218
ENSG00000260264	16	24247425	24264184
ENSG00000261439	16	56226526	56228430
ENSG00000265281	16	56279432	56279535
ENSG00000260198	16	56334528	56336816
ENSG00000201541	16	24344736	24344868
ENSG00000272372	16	56385798	56387436
ENSG00000239081	16	24411377	24411438
ENSG00000264465	16	24450309	24450408
ENSG00000260621	16	56443232	56445595
ENSG00000260072	16	24484119	24506498
ENSG00000260823	16	56643413	56645287
ENSG00000259888	16	24621587	24652278
ENSG00000224310	16	24672743	24682383
ENSG00000260549	16	56651388	56652730
ENSG00000261669	16	24814772	24831060
ENSG00000256439	16	24930714	24932325
ENSG00000260714	16	25027299	25032344
ENSG00000255986	16	56669651	56670998
ENSG00000262587	16	25043202	25069430
ENSG00000262155	16	25078258	25080264
ENSG00000271105	16	25080891	25081430
ENSG00000263326	16	25082811	25084048
ENSG00000260448	16	25096913	25122876
ENSG00000205361	16	56677617	56678698
ENSG00000262700	16	25104708	25106576
ENSG00000260034	16	25151898	25160353
ENSG00000007516	16	1383602	1399439
ENSG00000266166	16	25196528	25196808
ENSG00000259955	16	25249639	25250608
ENSG00000261636	16	25431135	25435490
ENSG00000260690	16	25465660	25465968
ENSG00000149927	16	30016830	30034591
ENSG00000205360	16	56682160	56683426
ENSG00000103061	16	68318406	68344849
ENSG00000259923	16	56682793	56686548
ENSG00000259827	16	56716382	56721719
ENSG00000261429	16	56720763	56721964
ENSG00000261302	16	56742684	56763880
ENSG00000207649	16	56892430	56892513
ENSG00000243988	16	56940446	56940868
ENSG00000261270	16	56974190	56975254
ENSG00000261114	16	56974940	56975638
ENSG00000132600	16	68344877	68392466
ENSG00000260255	16	25836031	25837651
ENSG00000265005	16	26036558	26036631
ENSG00000199929	16	26040233	26040346
ENSG00000230330	16	26043860	26044132
ENSG00000237140	16	26074071	26074418
ENSG00000231876	16	26329428	26345749
ENSG00000263441	16	56991177	56991273
ENSG00000259922	16	57046983	57048012
ENSG00000260145	16	57086417	57092409
ENSG00000228480	16	26366117	26369676
ENSG00000260148	16	57125125	57126215
ENSG00000260038	16	57281262	57282404
ENSG00000260946	16	57282459	57286664
ENSG00000260965	16	57355264	57356029
ENSG00000236481	16	26596076	26606134
ENSG00000271456	16	57366291	57366511
ENSG00000260580	16	26733195	26740447
ENSG00000264935	16	26747550	26747638
ENSG00000260345	16	57494967	57496649
ENSG00000234186	16	27078028	27080486
ENSG00000260828	16	57637049	57637609
ENSG00000261482	16	27078249	27079179
ENSG00000261633	16	57655946	57665559
ENSG00000261557	16	27144804	27146500
ENSG00000260467	16	57715036	57735642
ENSG00000261045	16	27169775	27187908
ENSG00000259940	16	27224631	27226314
ENSG00000259954	16	27458990	27464714
ENSG00000007520	16	1399241	1401912
ENSG00000261736	16	27654520	27655984
ENSG00000221528	16	27673221	27673339
ENSG00000261329	16	27690261	27730104
ENSG00000201371	16	27733605	27733713
ENSG00000212382	16	27874572	27874677
ENSG00000207266	16	28009616	28009722
ENSG00000260452	16	28122494	28122968
ENSG00000200652	16	28190419	28190544
ENSG00000200138	16	28194639	28194751
ENSG00000250982	16	28251014	28251989
ENSG00000260438	16	57747694	57748869
ENSG00000206833	16	57864440	57864546
ENSG00000265209	16	57908288	57908434
ENSG00000207173	16	58116972	58117072
ENSG00000261151	16	58125957	58126851
ENSG00000260545	16	58150789	58153257
ENSG00000260927	16	58163433	58193037
ENSG00000090581	16	1401924	1413352
ENSG00000167194	16	30034655	30039057
ENSG00000149926	16	30035748	30064299
ENSG00000246465	16	28296206	28303385
ENSG00000271623	16	28376021	28376654
ENSG00000261089	16	28425024	28426339
ENSG00000238703	16	28453987	28454090
ENSG00000270118	16	28465462	28465832
ENSG00000271495	16	28559652	28559979
ENSG00000261419	16	28671017	28752102
ENSG00000238684	16	28683554	28683657
ENSG00000259982	16	28711615	28712861
ENSG00000270424	16	28761280	28761916
ENSG00000238352	16	28797731	28797834
ENSG00000251417	16	28814097	28829149
ENSG00000240634	16	28825301	28825994
ENSG00000260796	16	28831891	28833354
ENSG00000260570	16	28841933	28848521
ENSG00000264455	16	28855240	28855328
ENSG00000261766	16	28873487	28874661
ENSG00000260442	16	28890278	28891241
ENSG00000252461	16	28892801	28892928
ENSG00000260853	16	28968008	28978204
ENSG00000059145	16	1413206	1464752
ENSG00000174109	16	1469745	1479345
ENSG00000197599	16	1484384	1494557
ENSG00000260867	16	58231016	58251709
ENSG00000240863	16	58233474	58233740
ENSG00000203343	16	58315593	58316079
ENSG00000103056	16	68392231	68482591
ENSG00000212379	16	58411956	58412052
ENSG00000261078	16	58416893	58417702
ENSG00000252271	16	58418346	58418446
ENSG00000260186	16	58455230	58496374
ENSG00000200556	16	58530812	58530918
ENSG00000207493	16	58582403	58582537
ENSG00000206952	16	58593700	58593835
ENSG00000260865	16	58631493	58631849
ENSG00000239121	16	58652579	58652668
ENSG00000245768	16	58767816	59142878
ENSG00000103249	16	1494935	1525581
ENSG00000200424	16	58778155	58778261
ENSG00000244003	16	58804428	58804722
ENSG00000260451	16	58810444	58811467
ENSG00000242423	16	58859795	58860272
ENSG00000261638	16	58881711	58914117
ENSG00000244043	16	59122741	59122995
ENSG00000261144	16	59200855	59201056
ENSG00000238601	16	59448677	59448749
ENSG00000200062	16	59574030	59574170
ENSG00000270222	16	59689506	59690240
ENSG00000260013	16	59788365	59788930
ENSG00000261807	16	59889257	60087875
ENSG00000261278	16	60058482	60059045
ENSG00000261590	16	60391118	60391378
ENSG00000261436	16	60393746	60476149
ENSG00000266868	16	28969904	28969982
ENSG00000149925	16	30064411	30081778
ENSG00000261067	16	28986125	29002096
ENSG00000260367	16	28986294	28990145
ENSG00000261552	16	29000461	29002099
ENSG00000260908	16	29065053	29119429
ENSG00000238699	16	29077576	29077679
ENSG00000103472	16	29086163	29128039
ENSG00000251692	16	1535887	1538982
ENSG00000100726	16	1543345	1560458
ENSG00000265167	16	60463552	60463637
ENSG00000261310	16	60520723	60557154
ENSG00000259844	16	60688139	60690553
ENSG00000265127	16	60803883	60803987
ENSG00000261178	16	60959637	60962445
ENSG00000224631	16	61089303	61089868
ENSG00000260600	16	61725660	61727654
ENSG00000201289	16	61777058	61777380
ENSG00000260115	16	61952225	61974601
ENSG00000207441	16	62221444	62221550
ENSG00000237901	16	62391275	62391650
ENSG00000238507	16	62438155	62438258
ENSG00000231589	16	62630276	62632353
ENSG00000260332	16	62842126	62842610
ENSG00000223123	16	62859865	62859952
ENSG00000261502	16	63090690	63163558
ENSG00000269986	16	63100430	63100894
ENSG00000261199	16	63214514	63214975
ENSG00000260658	16	63348168	63651950
ENSG00000241808	16	63384667	63385053
ENSG00000261743	16	63402748	63403360
ENSG00000259864	16	63737387	63737569
ENSG00000261014	16	63764181	63788661
ENSG00000261653	16	63969682	63970810
ENSG00000260715	16	64189073	64190478
ENSG00000261028	16	64276512	64377813
ENSG00000260668	16	64294474	64295143
ENSG00000259846	16	64398684	64634150
ENSG00000259859	16	64769828	64770707
ENSG00000184939	16	68563993	68609975
ENSG00000260187	16	64770691	64771183
ENSG00000260068	16	64772226	64772467
ENSG00000259847	16	65175659	65210616
ENSG00000260834	16	65224876	65268817
ENSG00000260364	16	65266959	65466723
ENSG00000260517	16	29127448	29229181
ENSG00000261742	16	65318402	65610203
ENSG00000259807	16	29228491	29231352
ENSG00000196927	16	29259550	29261449
ENSG00000260953	16	29273594	29275800
ENSG00000198106	16	29262829	29519817
ENSG00000261818	16	65614571	65680850
ENSG00000260413	16	29323671	29342598
ENSG00000271699	16	29362067	29381593
ENSG00000254634	16	29437121	29465435
ENSG00000238639	16	29448818	29448921
ENSG00000260335	16	29460512	29460946
ENSG00000260280	16	29466412	29476283
ENSG00000187535	16	1560428	1662111
ENSG00000257691	16	29486385	29486676
ENSG00000257506	16	29490200	29493912
ENSG00000205534	16	29538889	29606395
ENSG00000062038	16	68670092	68756519
ENSG00000260004	16	65635004	65635601
ENSG00000260695	16	65895015	65897687
ENSG00000261234	16	65972092	65972356
ENSG00000239193	16	29550583	29550686
ENSG00000266758	16	29610500	29610586
ENSG00000260727	16	29624425	29624961
ENSG00000260133	16	29630106	29647649
ENSG00000260514	16	29635838	29636146
ENSG00000222375	16	29742372	29742725
ENSG00000260719	16	29756568	29759620
ENSG00000262756	16	29793246	29794294
ENSG00000259952	16	29817817	29819053
ENSG00000238045	16	29819966	29823306
ENSG00000201999	16	66335712	66335843
ENSG00000246898	16	66442427	66446038
ENSG00000261962	16	29820250	29831687
ENSG00000260146	16	66484901	66485254
ENSG00000261690	16	29829301	29832573
ENSG00000261656	16	66503699	66515133
ENSG00000260755	16	66543340	66543951
ENSG00000261519	16	66583183	66585092
ENSG00000260650	16	66613886	66614619
ENSG00000260465	16	66754800	66765688
ENSG00000260558	16	66772166	66773229
ENSG00000246777	16	66785655	66788643
ENSG00000258122	16	66875336	66887351
ENSG00000261705	16	66921918	66922834
ENSG00000261088	16	66923072	66924996
ENSG00000265408	16	66976615	66997159
ENSG00000265918	16	67053422	67053718
ENSG00000207948	16	67236224	67236298
ENSG00000262691	16	67295011	67297687
ENSG00000201201	16	67355561	67355890
ENSG00000239194	16	67424594	67424753
ENSG00000261320	16	67464570	67465367
ENSG00000203401	16	67466595	67468931
ENSG00000131634	16	1578689	1605581
ENSG00000270049	16	67515217	67521153
ENSG00000007545	16	1662326	1727909
ENSG00000261396	16	67572460	67574009
ENSG00000259945	16	67576026	67576866
ENSG00000260894	16	67576207	67576475
ENSG00000261386	16	67583117	67597861
ENSG00000039068	16	68771128	68869451
ENSG00000259804	16	67595314	67596212
ENSG00000237718	16	67648284	67649245
ENSG00000270165	16	67772491	67773825
ENSG00000262141	16	67889858	67890014
ENSG00000221526	16	67911560	67911643
ENSG00000263126	16	67916364	67920270
ENSG00000267660	16	67977450	67978423
ENSG00000262962	16	68036335	68038855
ENSG00000263201	16	68047339	68049814
ENSG00000214725	16	29874914	29879371
ENSG00000202336	16	68051613	68051720
ENSG00000261732	16	1682260	1736716
ENSG00000221789	16	68089682	68089787
ENSG00000261864	16	68111243	68156174
ENSG00000201850	16	68123352	68123446
ENSG00000260114	16	29930957	29933226
ENSG00000212445	16	68223190	68223324
ENSG00000247735	16	29938157	29940254
ENSG00000262514	16	68233698	68234884
ENSG00000250616	16	30107751	30115437
ENSG00000240435	16	68243345	68243681
ENSG00000206053	16	1728257	1752281
ENSG00000261367	16	30118996	30121862
ENSG00000261416	16	30194826	30196278
ENSG00000213599	16	30205213	30215631
ENSG00000261444	16	30225730	30226020
ENSG00000261203	16	30229541	30233251
ENSG00000183604	16	30234230	30346695
ENSG00000260891	16	68246304	68255574
ENSG00000263276	16	68258616	68261637
ENSG00000262160	16	68259872	68263048
ENSG00000261469	16	68270748	68271570
ENSG00000260441	16	68290065	68294346
ENSG00000138834	16	1756184	1820318
ENSG00000149923	16	30087299	30096698
ENSG00000252026	16	68318126	68318221
ENSG00000238343	16	68347142	68347243
ENSG00000259797	16	68350704	68352939
ENSG00000222177	16	68363290	68363432
ENSG00000199263	16	68508456	68508567
ENSG00000241334	16	68511140	68511473
ENSG00000103047	16	68877507	69119083
ENSG00000239114	16	30290569	30290672
ENSG00000260219	16	30366762	30367848
ENSG00000103044	16	69139467	69152622
ENSG00000199787	16	30430946	30431080
ENSG00000202476	16	30465318	30465418
ENSG00000222701	16	30482908	30483024
ENSG00000261346	16	30488501	30500674
ENSG00000260487	16	30491909	30492667
ENSG00000251706	16	30494456	30494516
ENSG00000261332	16	30510087	30510875
ENSG00000266305	16	30515240	30515322
ENSG00000201164	16	68569418	68569561
ENSG00000260084	16	68607685	68623415
ENSG00000252040	16	68664126	68664257
ENSG00000252640	16	68664754	68664871
ENSG00000149922	16	30097114	30103208
ENSG00000235560	16	30546073	30548465
ENSG00000260494	16	30548523	30549552
ENSG00000103024	16	1820287	1821731
ENSG00000239791	16	30583571	30595181
ENSG00000260167	16	30597228	30619914
ENSG00000261588	16	30598983	30599241
ENSG00000168802	16	69151913	69166487
ENSG00000260678	16	30626577	30627000
ENSG00000261680	16	30635606	30636035
ENSG00000260113	16	30638297	30638499
ENSG00000252074	16	30686621	30686723
ENSG00000090238	16	30103635	30108236
ENSG00000074071	16	1821891	1823156
ENSG00000197774	16	1823208	1831709
ENSG00000261840	16	30709030	30710379
ENSG00000263203	16	69152757	69154331
ENSG00000222287	16	30712658	30712756
ENSG00000206755	16	30721858	30721986
ENSG00000260899	16	30751988	30762702
ENSG00000262026	16	30789770	30791473
ENSG00000141076	16	69165194	69265033
ENSG00000162032	16	1826713	1843701
ENSG00000102886	16	30116131	30125177
ENSG00000260082	16	30832389	30833431
ENSG00000260083	16	30886543	30906541
ENSG00000265991	16	30886587	30886644
ENSG00000262721	16	30887087	30906537
ENSG00000211591	16	30905224	30905306
ENSG00000230447	16	30915669	30921529
ENSG00000260852	16	30930640	30934590
ENSG00000261487	16	30959707	30967832
ENSG00000260911	16	31054471	31061201
ENSG00000261124	16	31076816	31080567
ENSG00000252809	16	31120551	31120634
ENSG00000262766	16	31129399	31130068
ENSG00000261385	16	31142754	31143198
ENSG00000263343	16	31176969	31177248
ENSG00000262366	16	31185894	31186143
ENSG00000260304	16	31193832	31194606
ENSG00000260060	16	31207452	31208284
ENSG00000261925	16	31237281	31238481
ENSG00000095906	16	1832902	1839192
ENSG00000102882	16	30125426	30134827
ENSG00000168807	16	69221032	69342955
ENSG00000099769	16	1840414	1844972
ENSG00000063854	16	1845621	1877195
ENSG00000260914	16	69333585	69354614
ENSG00000132612	16	69345259	69358949
ENSG00000213380	16	69354043	69373570
ENSG00000180185	16	1876968	1890208
ENSG00000162039	16	1883984	1934295
ENSG00000162040	16	1961464	1968441
ENSG00000198736	16	1988211	1993327
ENSG00000140986	16	1993975	2007607
ENSG00000102879	16	30194148	30200397
ENSG00000140990	16	2009509	2011976
ENSG00000258429	16	69362524	69364498
ENSG00000272617	16	69362547	69368774
ENSG00000260371	16	69368994	69390209
ENSG00000259900	16	69369179	69385633
ENSG00000132603	16	69373333	69377014
ENSG00000140988	16	2012053	2014861
ENSG00000157315	16	69377151	69385712
ENSG00000169627	16	30204255	30205627
ENSG00000132604	16	69389464	69442474
ENSG00000132207	16	30205208	30208882
ENSG00000103018	16	69458428	69500169
ENSG00000179580	16	2016824	2018976
ENSG00000183751	16	2022038	2032934
ENSG00000261052	16	30205754	30215631
ENSG00000102908	16	69598997	69738569
ENSG00000258130	16	30215637	30220392
ENSG00000196408	16	2028918	2034193
ENSG00000198064	16	30234258	30265831
ENSG00000169217	16	30362087	30366682
ENSG00000269205	16	2031633	2032918
ENSG00000127554	16	2034208	2037750
ENSG00000127561	16	2039661	2044276
ENSG00000167962	16	2047655	2059824
ENSG00000181019	16	69740899	69760854
ENSG00000169221	16	30368423	30381585
ENSG00000183971	16	2059927	2070756
ENSG00000180209	16	30382255	30389312
ENSG00000065054	16	2075357	2089027
ENSG00000180035	16	30389427	30411429
ENSG00000141101	16	69775770	69788843
ENSG00000180096	16	30389454	30407312
ENSG00000065057	16	2089816	2097867
ENSG00000179965	16	30418618	30440920
ENSG00000198373	16	69796209	69975644
ENSG00000179958	16	30434940	30441396
ENSG00000179918	16	30454952	30457502
ENSG00000005844	16	30483979	30534506
ENSG00000103197	16	2097466	2138716
ENSG00000157322	16	69984810	69998141
ENSG00000169957	16	30535325	30538142
ENSG00000090857	16	70147529	70195203
ENSG00000169955	16	30537244	30546668
ENSG00000157335	16	70207225	70221264
ENSG00000008710	16	2138711	2185899
ENSG00000261459	16	30537244	30546173
ENSG00000260869	16	30545548	30569600
ENSG00000169951	16	30565085	30569819
ENSG00000229809	16	30580667	30584055
ENSG00000269746	16	70239303	70239683
ENSG00000269866	16	70258261	70258641
ENSG00000223496	16	70284134	70285833
ENSG00000197162	16	30585061	30597092
ENSG00000090861	16	70286198	70323446
ENSG00000156853	16	30613879	30635333
ENSG00000156858	16	30662038	30667761
ENSG00000156860	16	30669752	30682135
ENSG00000167964	16	2190804	2204166
ENSG00000157349	16	70323566	70369186
ENSG00000131653	16	2205699	2228130
ENSG00000167971	16	2227184	2246526
ENSG00000080603	16	30709530	30755602
ENSG00000167965	16	2254249	2259417
ENSG00000156873	16	30759591	30772490
ENSG00000260537	16	70333097	70400163
ENSG00000168872	16	70380732	70407286
ENSG00000182685	16	2259254	2261951
ENSG00000196118	16	30768744	30774031
ENSG00000184207	16	2261998	2264808
ENSG00000167967	16	2273567	2285743
ENSG00000157350	16	70413338	70473140
ENSG00000167968	16	2285817	2288712
ENSG00000167969	16	2289396	2302301
ENSG00000103549	16	30773066	30787628
ENSG00000157353	16	70488324	70514177
ENSG00000205937	16	2303117	2318413
ENSG00000167970	16	2303738	2312343
ENSG00000167972	16	2325882	2390747
ENSG00000102870	16	30789778	30798523
ENSG00000099385	16	30844947	30906281
ENSG00000150281	16	30907928	30914881
ENSG00000162063	16	2479395	2508855
ENSG00000103051	16	70514471	70557468
ENSG00000099364	16	30934376	30960104
ENSG00000162062	16	2510081	2514964
ENSG00000175938	16	30960387	30967782
ENSG00000099381	16	30968615	30996437
ENSG00000162068	16	2521500	2524146
ENSG00000189091	16	70557691	70608820
ENSG00000162065	16	2525147	2555735
ENSG00000260272	16	2546033	2570219
ENSG00000185883	16	2563871	2570219
ENSG00000259784	16	2563966	2577956
ENSG00000099377	16	30996519	31000473
ENSG00000162066	16	2570358	2581423
ENSG00000268863	16	30996808	30997533
ENSG00000099365	16	31000577	31021949
ENSG00000103496	16	31044210	31054296
ENSG00000205923	16	2577081	2581420
ENSG00000140992	16	2587965	2653189
ENSG00000157368	16	70613798	70694585
ENSG00000132613	16	70695107	70719969
ENSG00000167394	16	31072164	31085641
ENSG00000167977	16	2732476	2759031
ENSG00000232748	16	31072813	31073451
ENSG00000172382	16	2762419	2770552
ENSG00000167395	16	31085743	31095517
ENSG00000268927	16	70695570	70699739
ENSG00000167978	16	2802330	2822539
ENSG00000103043	16	70721342	70835064
ENSG00000151006	16	31094746	31100949
ENSG00000255439	16	31094760	31106277
ENSG00000167397	16	31102163	31107301
ENSG00000103363	16	2821415	2827298
ENSG00000103507	16	31117428	31124110
ENSG00000103355	16	2833954	2837949
ENSG00000007038	16	2867164	2876305
ENSG00000162078	16	2880170	2888967
ENSG00000157423	16	70841281	71264625
ENSG00000005001	16	2902728	2908171
ENSG00000162076	16	2933187	2949383
ENSG00000103510	16	31127075	31142714
ENSG00000059122	16	2961938	3001209
ENSG00000131650	16	3013945	3018384
ENSG00000052344	16	31142756	31147083
ENSG00000178226	16	31150246	31161415
ENSG00000127564	16	3018025	3030540
ENSG00000180917	16	71315292	71323618
ENSG00000162073	16	3019246	3023490
ENSG00000172137	16	71392616	71424341
ENSG00000213937	16	3062457	3064506
ENSG00000184697	16	3064713	3070072
ENSG00000006327	16	3068446	3072384
ENSG00000103145	16	3072621	3074287
ENSG00000131652	16	3074028	3077756
ENSG00000167377	16	71481500	71496998
ENSG00000162069	16	3077683	3086927
ENSG00000261611	16	71481503	71523214
ENSG00000008516	16	3096682	3110727
ENSG00000157429	16	71498453	71598992
ENSG00000089280	16	31191431	31203127
ENSG00000103490	16	31212806	31214771
ENSG00000261359	16	31213206	31214773
ENSG00000177238	16	31225342	31236510
ENSG00000169900	16	31227283	31228680
ENSG00000169896	16	31271311	31344213
ENSG00000140835	16	71559136	71572649
ENSG00000198650	16	71599563	71611033
ENSG00000140832	16	71660064	71676017
ENSG00000040199	16	71671738	71758604
ENSG00000008517	16	3115298	3131908
ENSG00000140678	16	31366455	31394318
ENSG00000166747	16	71762913	71843104
ENSG00000130182	16	3138891	3149318
ENSG00000156886	16	31404633	31437826
ENSG00000122386	16	3162561	3170518
ENSG00000156885	16	31439052	31439967
ENSG00000085644	16	3179778	3192806
ENSG00000176723	16	31445569	31454346
ENSG00000228146	16	3194220	3199964
ENSG00000140691	16	31469401	31478487
ENSG00000168124	16	3254247	3255188
ENSG00000010539	16	3272325	3286221
ENSG00000140682	16	31482906	31489281
ENSG00000224470	16	71879894	71919171
ENSG00000103313	16	3292028	3306627
ENSG00000006194	16	3313743	3351401
ENSG00000140993	16	3348832	3355729
ENSG00000162086	16	3355406	3368852
ENSG00000168158	16	3405889	3406924
ENSG00000262621	16	3415099	3536960
ENSG00000182149	16	71879899	71962913
ENSG00000232196	16	3421053	3422283
ENSG00000140987	16	3432085	3451065
ENSG00000140675	16	31494323	31502181
ENSG00000103343	16	3451235	3459370
ENSG00000167981	16	3486104	3493542
ENSG00000140688	16	31500792	31520630
ENSG00000122390	16	3493611	3536963
ENSG00000215131	16	3543484	3545480
ENSG00000103351	16	3550924	3589048
ENSG00000102984	16	71893583	71929239
ENSG00000167984	16	3589033	3627401
ENSG00000102967	16	72042487	72058954
ENSG00000188827	16	3631182	3661599
ENSG00000140830	16	72078188	72128330
ENSG00000213918	16	3661729	3730144
ENSG00000257017	16	72088491	72094954
ENSG00000169877	16	31539185	31540124
ENSG00000126602	16	3701640	3767598
ENSG00000197302	16	31724550	31806190
ENSG00000185947	16	31885079	31928668
ENSG00000223931	16	32063311	32063601
ENSG00000270472	16	32077386	32077679
ENSG00000205456	16	32264040	32267240
ENSG00000183632	16	32684852	32688053
ENSG00000259303	16	32859034	32859477
ENSG00000233732	16	33006369	33006826
ENSG00000271130	16	33020496	33020941
ENSG00000205457	16	33204156	33264727
ENSG00000261509	16	33261515	33264716
ENSG00000005339	16	3775055	3930727
ENSG00000261701	16	72088522	72111145
ENSG00000140829	16	72127461	72146811
ENSG00000162104	16	4003388	4166186
ENSG00000270467	16	33605231	33605684
ENSG00000271178	16	33629681	33630128
ENSG00000259680	16	33647044	33647696
ENSG00000179755	16	34256507	34257278
ENSG00000171241	16	46614466	46655538
ENSG00000185739	16	4239375	4292081
ENSG00000090447	16	4307187	4323076
ENSG00000069329	16	46690054	46723430
ENSG00000126603	16	4364762	4389598
ENSG00000217930	16	4381550	4405608
ENSG00000103426	16	4390252	4470495
ENSG00000118557	16	72146056	72210777
ENSG00000091651	16	46723555	46732306
ENSG00000262246	16	4404543	4475706
ENSG00000140836	16	72816784	73093597
ENSG00000197445	16	73160536	73178346
ENSG00000140795	16	46740891	46824319
ENSG00000103035	16	74330673	74340186
ENSG00000155330	16	46830519	46865323
ENSG00000168140	16	4421849	4433529
ENSG00000166123	16	46918290	46965209
ENSG00000103423	16	4475806	4506776
ENSG00000196436	16	74411776	74425978
ENSG00000140839	16	74442529	74455368
ENSG00000069345	16	46989299	47007699
ENSG00000153406	16	4511681	4545764
ENSG00000090863	16	74485856	74641012
ENSG00000171208	16	47111614	47177908
ENSG00000103415	16	4524691	4560348
ENSG00000089486	16	4560676	4588829
ENSG00000205832	16	4606491	4650715
ENSG00000129636	16	47188298	47498060
ENSG00000153443	16	4658884	4665028
ENSG00000102858	16	4666494	4740975
ENSG00000168411	16	74655292	74700779
ENSG00000102893	16	47495034	47735434
ENSG00000168101	16	4743695	4745860
ENSG00000168404	16	74705753	74734858
ENSG00000103089	16	74746853	74808729
ENSG00000168096	16	4746513	4784379
ENSG00000103091	16	74907468	75034071
ENSG00000166246	16	4784273	4799397
ENSG00000103199	16	4798240	4817625
ENSG00000140623	16	4827670	4838522
ENSG00000267795	16	4838398	4846492
ENSG00000140798	16	48116884	48189929
ENSG00000067836	16	4846969	4852951
ENSG00000140632	16	4853204	4897343
ENSG00000121270	16	48200821	48281479
ENSG00000118900	16	4896666	4932361
ENSG00000118898	16	4932508	5010742
ENSG00000102910	16	48278207	48397033
ENSG00000186187	16	75032928	75144892
ENSG00000166816	16	75145758	75150669
ENSG00000103184	16	5008318	5069159
ENSG00000184517	16	75182390	75206134
ENSG00000103174	16	5074845	5084142
ENSG00000168928	16	75237994	75241083
ENSG00000196470	16	48390275	48482313
ENSG00000168925	16	75252898	75258822
ENSG00000102921	16	48572637	48654059
ENSG00000050820	16	75262928	75301951
ENSG00000102924	16	49311828	49315742
ENSG00000166152	16	49407734	49433342
ENSG00000033011	16	5083703	5137380
ENSG00000153774	16	75327596	75467383
ENSG00000261717	16	75446582	75498604
ENSG00000166822	16	75476952	75499395
ENSG00000102935	16	49521435	49891830
ENSG00000183196	16	75510949	75529282
ENSG00000260092	16	75562430	75579326
ENSG00000135702	16	75562433	75569145
ENSG00000205423	16	50058321	50070999
ENSG00000205084	16	75572015	75590184
ENSG00000034713	16	75600249	75611779
ENSG00000065457	16	75630879	75657198
ENSG00000153446	16	5094123	5116111
ENSG00000065427	16	75661622	75682541
ENSG00000155393	16	50099852	50140298
ENSG00000166848	16	75681684	75795770
ENSG00000121274	16	50186829	50269221
ENSG00000214325	16	75728367	75734089
ENSG00000118894	16	5134305	5147809
ENSG00000152910	16	76311176	76593135
ENSG00000121281	16	50280048	50352046
ENSG00000078328	16	6069095	7763340
ENSG00000261833	16	76587314	76669520
ENSG00000166164	16	50347398	50402845
ENSG00000103111	16	77224732	77236302
ENSG00000205078	16	77233294	77247112
ENSG00000232258	16	8619502	8622304
ENSG00000140873	16	77281710	77469011
ENSG00000067365	16	8715540	8740081
ENSG00000140807	16	50582241	50670647
ENSG00000140876	16	77756411	77776157
ENSG00000167208	16	50700211	50715264
ENSG00000171724	16	77822427	78014004
ENSG00000167207	16	50727514	50766988
ENSG00000166509	16	78056412	78100658
ENSG00000186153	16	78133310	79246564
ENSG00000183044	16	8768422	8878432
ENSG00000083799	16	50775961	50835846
ENSG00000268977	16	79015647	79015739
ENSG00000178573	16	79619740	79634611
ENSG00000184857	16	8874241	8891505
ENSG00000140650	16	8882680	8943188
ENSG00000168589	16	80574631	80584657
ENSG00000166446	16	80631803	80838226
ENSG00000103121	16	81009698	81053875
ENSG00000103449	16	51169886	51185278
ENSG00000153048	16	8946799	8962866
ENSG00000166451	16	81040103	81066719
ENSG00000261190	16	52039399	52112386
ENSG00000187555	16	8985951	9058371
ENSG00000103460	16	52471917	52581714
ENSG00000166454	16	81069452	81080963
ENSG00000166455	16	81087102	81110872
ENSG00000140905	16	81115566	81130008
ENSG00000177200	16	53088945	53363062
ENSG00000166473	16	81134480	81253975
ENSG00000182831	16	9185505	9215497
ENSG00000260362	16	9760742	9770700
ENSG00000183454	16	9852376	10276611
ENSG00000135697	16	81272053	81324747
ENSG00000261609	16	81348557	81424489
ENSG00000153815	16	81478775	81745367
ENSG00000166669	16	10420291	10577495
ENSG00000213853	16	10622279	10674555
ENSG00000103479	16	53467889	53525561
ENSG00000197943	16	81772702	81991899
ENSG00000153060	16	10721358	10788802
ENSG00000103274	16	10837643	10863208
ENSG00000166676	16	10854776	10912651
ENSG00000166971	16	53524952	53538323
ENSG00000179583	16	10971055	11026079
ENSG00000184860	16	82031221	82045093
ENSG00000086696	16	82068609	82132139
ENSG00000135698	16	82181403	82203831
ENSG00000103494	16	53631595	53737850
ENSG00000140945	16	82660408	83830204
ENSG00000182108	16	11022748	11036317
ENSG00000140718	16	53737875	54155853
ENSG00000038532	16	11038345	11276046
ENSG00000259517	16	54279456	54304658
ENSG00000175643	16	11343476	11445619
ENSG00000177508	16	54317216	54320675
ENSG00000230989	16	83841448	83853342
ENSG00000103150	16	83932731	83949787
ENSG00000260300	16	83941738	83985058
ENSG00000185338	16	11348262	11350036
ENSG00000178279	16	11361605	11363390
ENSG00000178257	16	11367144	11367452
ENSG00000122304	16	11369496	11370337
ENSG00000175646	16	11374693	11375207
ENSG00000176842	16	54964774	54968397
ENSG00000159387	16	55357672	55364672
ENSG00000188897	16	11453702	11617444
ENSG00000140961	16	83981887	83999937
ENSG00000103154	16	84002237	84036381
ENSG00000087245	16	55423612	55540603
ENSG00000166558	16	84043272	84076241
ENSG00000189067	16	11641853	11730237
ENSG00000140943	16	84087368	84150511
ENSG00000087253	16	55542910	55620582
ENSG00000103160	16	84155886	84178797
ENSG00000154099	16	84178865	84212373
ENSG00000256812	16	55600584	55601599
ENSG00000103546	16	55689516	55740104
ENSG00000184602	16	11762270	11773015
ENSG00000198848	16	55836763	55867249
ENSG00000103168	16	84211458	84220669
ENSG00000153066	16	11772936	11836734
ENSG00000122299	16	11844442	11891123
ENSG00000171490	16	11929056	11945442
ENSG00000159398	16	55880066	55989943
ENSG00000140955	16	84224744	84230774
ENSG00000168418	16	84255823	84273356
ENSG00000103175	16	84328252	84363450
ENSG00000087258	16	56225302	56391356
ENSG00000103342	16	11961985	12009939
ENSG00000159461	16	56395364	56459450
ENSG00000234719	16	12021230	12070500
ENSG00000064270	16	84402133	84497793
ENSG00000048462	16	12058964	12061925
ENSG00000269121	16	12062000	12062333
ENSG00000048471	16	12070594	12668146
ENSG00000167005	16	56463045	56486111
ENSG00000175604	16	12180603	12184159
ENSG00000103381	16	12756919	12897874
ENSG00000087263	16	56485402	56513012
ENSG00000140950	16	84511681	84587639
ENSG00000237515	16	12995477	13334272
ENSG00000103187	16	84599200	84651683
ENSG00000175595	16	14014014	14046202
ENSG00000135686	16	84682131	84701292
ENSG00000125124	16	56500748	56554195
ENSG00000186260	16	14165178	14360630
ENSG00000103194	16	84733584	84813528
ENSG00000102891	16	56598961	56602869
ENSG00000087250	16	56622986	56625000
ENSG00000103196	16	84853590	84954374
ENSG00000140694	16	14529558	14726585
ENSG00000153786	16	85007787	85045141
ENSG00000269049	16	14564842	14565054
ENSG00000125148	16	56642111	56643409
ENSG00000103429	16	14726672	14763093
ENSG00000169715	16	56659387	56661024
ENSG00000268317	16	56662971	56666150
ENSG00000205364	16	56666145	56667898
ENSG00000205362	16	56672578	56673999
ENSG00000169688	16	56685811	56687116
ENSG00000069764	16	14766405	14788526
ENSG00000198417	16	56691606	56694610
ENSG00000135709	16	85061375	85127836
ENSG00000125144	16	56700643	56701977
ENSG00000205358	16	56703726	56705041
ENSG00000153789	16	85131965	85146114
ENSG00000187193	16	56716336	56718108
ENSG00000262601	16	85204882	85218969
ENSG00000261567	16	85391069	85393055
ENSG00000224712	16	14802801	14820195
ENSG00000254852	16	14841923	14859270
ENSG00000131149	16	85645015	85709810
ENSG00000102900	16	56764017	56878797
ENSG00000103512	16	14927538	14990017
ENSG00000131153	16	85709804	85723679
ENSG00000154102	16	85723690	85784735
ENSG00000070915	16	56899119	56949762
ENSG00000131148	16	85805364	85833214
ENSG00000183426	16	15016659	15045915
ENSG00000131143	16	85832239	85840650
ENSG00000051108	16	56965960	56977798
ENSG00000179889	16	15068448	15233196
ENSG00000140968	16	85932409	85956215
ENSG00000103241	16	86544133	86548076
ENSG00000103248	16	86563782	86588841
ENSG00000087237	16	56995762	57017757
ENSG00000176692	16	86600857	86602539
ENSG00000176678	16	86609974	86615303
ENSG00000260456	16	87117168	87351022
ENSG00000157045	16	15131710	15149921
ENSG00000131152	16	87336482	87367879
ENSG00000103264	16	87360593	87425748
ENSG00000085721	16	15153879	15188174
ENSG00000140941	16	87417601	87438385
ENSG00000183793	16	15457516	15474904
ENSG00000140948	16	87439852	87525651
ENSG00000261130	16	15489611	15609205
ENSG00000156968	16	15489611	15507125
ENSG00000166780	16	15528152	15718885
ENSG00000154118	16	87635441	87731762
ENSG00000226180	16	87727144	87729753
ENSG00000104731	16	87730091	87799598
ENSG00000140853	16	57023397	57117443
ENSG00000166783	16	15688243	15737023
ENSG00000205047	16	87731749	87739290
ENSG00000103257	16	87863629	87903094
ENSG00000174990	16	87921625	87970135
ENSG00000072864	16	15737124	15820210
ENSG00000172530	16	87982850	88110924
ENSG00000133392	16	15797029	15950890
ENSG00000140848	16	57126449	57181878
ENSG00000225614	16	88493879	88507165
ENSG00000179588	16	88519725	88603424
ENSG00000172775	16	57186378	57220028
ENSG00000158545	16	88636789	88698374
ENSG00000124391	16	88704999	88706881
ENSG00000051523	16	88709691	88717560
ENSG00000167508	16	88718343	88729569
ENSG00000133393	16	15959577	15982482
ENSG00000159579	16	57220049	57274387
ENSG00000185669	16	88744090	88752901
ENSG00000158717	16	88762903	88772829
ENSG00000102931	16	57279010	57287516
ENSG00000102934	16	57290004	57318599
ENSG00000102962	16	57392684	57400102
ENSG00000103222	16	16043434	16236931
ENSG00000006210	16	57406370	57418960
ENSG00000102970	16	57438679	57449974
ENSG00000005194	16	57462081	57481440
ENSG00000174177	16	88772871	88781794
ENSG00000091262	16	16242785	16317379
ENSG00000088682	16	57481337	57495187
ENSG00000102978	16	57496299	57505922
ENSG00000103226	16	16326352	16388668
ENSG00000125170	16	57505863	57521239
ENSG00000103335	16	88781751	88851619
ENSG00000167513	16	88869621	88875666
ENSG00000198931	16	88875747	88878352
ENSG00000135736	16	57546090	57570511
ENSG00000159618	16	57576333	57625593
ENSG00000141012	16	88880142	88923378
ENSG00000183889	16	16411301	16444447
ENSG00000214967	16	16472912	16487811
ENSG00000103489	16	17195626	17564738
ENSG00000269422	16	88894366	88894545
ENSG00000167515	16	88922628	88929094
ENSG00000214940	16	18411799	18441131
ENSG00000205022	16	88928034	88933068
ENSG00000233024	16	18451943	18473188
ENSG00000129993	16	88941266	89043612
ENSG00000185164	16	18511182	18573533
ENSG00000205018	16	89006197	89017932
ENSG00000176715	16	89154783	89222254
ENSG00000129910	16	89238175	89261900
ENSG00000259803	16	89262406	89268072
ENSG00000205336	16	57644564	57698944
ENSG00000170100	16	89284118	89295363
ENSG00000167522	16	89334038	89556969
ENSG00000134419	16	18792617	18801705
ENSG00000260342	16	18799385	18812841
ENSG00000170540	16	18802991	18813000
ENSG00000268218	16	89334512	89339452
ENSG00000197912	16	89557325	89624176
ENSG00000157106	16	18816175	18937776
ENSG00000182885	16	57702099	57723975
ENSG00000167526	16	89627065	89630950
ENSG00000178773	16	89642176	89663654
ENSG00000159625	16	57728705	57765717
ENSG00000140854	16	57769642	57791162
ENSG00000170537	16	18995256	19075264
ENSG00000015413	16	89679716	89704839
ENSG00000131165	16	89710839	89724253
ENSG00000167523	16	89724210	89737680
ENSG00000167186	16	19078921	19091417
ENSG00000185324	16	89747145	89762772
ENSG00000140859	16	57792129	57896957
ENSG00000205730	16	19125254	19132946
ENSG00000261427	16	19125324	19184900
ENSG00000103528	16	19179293	19279652
ENSG00000261210	16	19297061	19333467
ENSG00000260259	16	89749028	89752977
ENSG00000158792	16	89762751	89768113
ENSG00000075399	16	89773542	89787394
ENSG00000103534	16	19421818	19510435
ENSG00000187185	16	57832098	57850850
ENSG00000158805	16	89786808	89807311
ENSG00000070729	16	57917503	58005020
ENSG00000006007	16	19513015	19533467
ENSG00000159648	16	58010339	58022020
ENSG00000103540	16	19535133	19564730
ENSG00000187741	16	89803957	89883065
ENSG00000166188	16	58028572	58034357
ENSG00000103005	16	58033450	58055522
ENSG00000102996	16	58059470	58080805
ENSG00000070761	16	58147496	58163354
ENSG00000103544	16	19566562	19718115
ENSG00000070770	16	58191811	58231824
ENSG00000103021	16	58265061	58317740
ENSG00000204991	16	89884587	89937727
ENSG00000103023	16	58313901	58328951
ENSG00000181938	16	58328984	58440048
ENSG00000103550	16	19714902	19729557
ENSG00000141002	16	89940000	89977792
ENSG00000174628	16	19727778	19868907
ENSG00000258839	16	89978527	89987385
ENSG00000167191	16	19868616	19897489
ENSG00000198211	16	89985573	90002500
ENSG00000103034	16	58496750	58547532
ENSG00000258947	16	89987800	90005169
ENSG00000180269	16	20042807	20085239
ENSG00000169347	16	20320894	20339130
ENSG00000169344	16	20344374	20367623
ENSG00000169340	16	20370492	20416059
ENSG00000140995	16	90014333	90034468
ENSG00000183549	16	20420856	20452658
ENSG00000103037	16	58549383	58554431
ENSG00000183747	16	20462783	20498991
ENSG00000267824	16	20499024	20500981
ENSG00000066813	16	20547548	20587749
ENSG00000177946	16	90036206	90038942
ENSG00000003249	16	90071273	90086536
ENSG00000005187	16	20621565	20808903
ENSG00000141013	16	90086037	90111383
ENSG00000125107	16	58553855	58663790
ENSG00000166743	16	20634559	20710212
ENSG00000221819	16	90095316	90096309
ENSG00000126856	16	90122974	90158480
ENSG00000066654	16	20744986	20753406
ENSG00000261812	16	90159562	90162762
ENSG00000196678	16	20791515	20911671
ENSG00000233614	16	61553	64093
ENSG00000260803	16	67514	85195
ENSG00000231439	16	72910	75123
ENSG00000226942	16	79336	88321
ENSG00000269482	16	140629	141100
ENSG00000228779	16	175736	177218
ENSG00000206178	16	213121	215155
ENSG00000103042	16	58699013	58719008
ENSG00000225323	16	218678	219333
ENSG00000207243	16	228553	228655
ENSG00000268836	16	235747	236293
ENSG00000206168	16	281133	281471
ENSG00000236829	16	432097	442960
ENSG00000201034	16	489297	489397
ENSG00000230428	16	501404	503461
ENSG00000256323	16	542366	542567
ENSG00000266124	16	585316	585368
ENSG00000266235	16	593277	593366
ENSG00000261691	16	597185	603847
ENSG00000196674	16	653555	653904
ENSG00000197727	16	691039	691688
ENSG00000228201	16	698473	699200
ENSG00000262528	16	705034	706194
ENSG00000260394	16	728504	729777
ENSG00000125166	16	58741035	58768261
ENSG00000261659	16	739001	742554
ENSG00000259840	16	760746	761277
ENSG00000207579	16	820183	820277
ENSG00000005189	16	20817751	20860987
ENSG00000260240	16	59743897	59788752
ENSG00000150394	16	61681146	62070939
ENSG00000260022	16	933780	935090
ENSG00000260316	16	950520	955224
ENSG00000260439	16	971033	984495
ENSG00000260807	16	1025761	1031596
ENSG00000260496	16	1041148	1050926
ENSG00000188215	16	20866247	20911706
ENSG00000261713	16	1114093	1128707
ENSG00000261720	16	1115240	1116502
ENSG00000181791	16	1115299	1116349
ENSG00000260702	16	1153280	1155461
ENSG00000102897	16	20911190	20936328
ENSG00000260532	16	1161627	1163399
ENSG00000260403	16	1206976	1207974
ENSG00000259910	16	1209548	1210176
ENSG00000261294	16	1256560	1257124
ENSG00000260182	16	1307340	1308075
ENSG00000196364	16	1310953	1313846
ENSG00000261564	16	1323752	1326523
ENSG00000260991	16	1330162	1330545
ENSG00000260284	16	1336352	1338838
ENSG00000260710	16	1344552	1349167
ENSG00000261505	16	1367892	1372846
ENSG00000219274	16	1379079	1379778
ENSG00000260425	16	1408901	1411406
ENSG00000265529	16	1429290	1429424
ENSG00000260132	16	1458835	1462249
ENSG00000261641	16	1495344	1496520
ENSG00000260051	16	1501761	1502654
ENSG00000261430	16	1517674	1522685
ENSG00000219027	16	1527831	1528584
ENSG00000140937	16	64977656	65160015
ENSG00000158486	16	20944433	21170762
ENSG00000179776	16	66400533	66438686
ENSG00000166546	16	66461200	66527432
ENSG00000011638	16	21169698	21191937
ENSG00000260851	16	66503715	66551215
ENSG00000247270	16	66516775	66519747
ENSG00000103310	16	21208773	21225831
ENSG00000175311	16	21244986	21263750
ENSG00000166548	16	66541906	66586447
ENSG00000103316	16	21250195	21314404
ENSG00000169246	16	21413558	21459888
ENSG00000217555	16	66586466	66600154
ENSG00000197006	16	21608539	21668794
ENSG00000254788	16	66586490	66613038
ENSG00000089505	16	66600294	66613040
ENSG00000140749	16	21652609	21663981
ENSG00000155719	16	21689835	21772050
ENSG00000140932	16	66613351	66622178
ENSG00000140931	16	66637777	66647795
ENSG00000183723	16	66648653	66730610
ENSG00000135720	16	66754796	66785701
ENSG00000185864	16	21845890	21892148
ENSG00000140740	16	21963981	21994981
ENSG00000155714	16	21995186	22012433
ENSG00000249961	16	66788879	66835523
ENSG00000185716	16	22018959	22098855
ENSG00000175267	16	22103859	22168287
ENSG00000159593	16	66836778	66907159
ENSG00000168748	16	66878282	66888056
ENSG00000172840	16	66912492	66929657
ENSG00000183921	16	22177618	22203075
ENSG00000103319	16	22217603	22298554
ENSG00000058600	16	22308730	22346424
ENSG00000166589	16	66942025	66952887
ENSG00000140743	16	22357257	22448486
ENSG00000166592	16	66955582	66959547
ENSG00000166595	16	66965959	66968326
ENSG00000243716	16	22490442	22547842
ENSG00000172831	16	66968347	66978999
ENSG00000122254	16	22825498	22927659
ENSG00000172828	16	66995140	67009051
ENSG00000103404	16	23072727	23160591
ENSG00000166828	16	23194036	23228204
ENSG00000172824	16	67022492	67043661
ENSG00000168447	16	23289552	23392620
ENSG00000168434	16	23399814	23464501
ENSG00000067955	16	67063019	67134961
ENSG00000125149	16	67143861	67182442
ENSG00000237172	16	67182008	67185117
ENSG00000102871	16	67188083	67194201
ENSG00000103365	16	23474863	23533316
ENSG00000135722	16	67193834	67198473
ENSG00000103356	16	23533335	23569052
ENSG00000103353	16	23568392	23585710
ENSG00000102878	16	67197288	67203848
ENSG00000004779	16	23592323	23607677
ENSG00000083093	16	23614488	23652631
ENSG00000166847	16	23652713	23681195
ENSG00000265690	16	67197288	67199718
ENSG00000166851	16	23688977	23701688
ENSG00000140939	16	67204057	67209643
ENSG00000196123	16	67209505	67217943
ENSG00000134398	16	23701647	23724821
ENSG00000166869	16	23765948	23770272
ENSG00000166501	16	23847322	24231932
ENSG00000179044	16	67218269	67224107
ENSG00000205250	16	67226072	67232821
ENSG00000006116	16	24266874	24374122
ENSG00000122257	16	24549014	24584184
ENSG00000102890	16	67233014	67237932
ENSG00000090905	16	24741016	24838953
ENSG00000125122	16	67241042	67260951
ENSG00000237102	16	67244251	67260930
ENSG00000168701	16	67261006	67263181
ENSG00000158865	16	24857162	24922949
ENSG00000135723	16	67263290	67281561
ENSG00000135740	16	67271586	67306093
ENSG00000196155	16	67311413	67323402
ENSG00000140750	16	24930706	25026987
ENSG00000168676	16	67323331	67360666
ENSG00000159708	16	67360701	67419106
ENSG00000205629	16	25123050	25189552
ENSG00000159713	16	67423712	67427438
ENSG00000159714	16	67428322	67450736
ENSG00000103375	16	25227052	25240261
ENSG00000176387	16	67464555	67471456
ENSG00000155592	16	25247322	25269252
ENSG00000182601	16	25703347	26149009
ENSG00000159720	16	67471917	67515140
ENSG00000159723	16	67516474	67517716
ENSG00000155666	16	27214807	27233089
ENSG00000169189	16	27236312	27280115
ENSG00000039523	16	67552321	67580691
ENSG00000245888	16	27279526	27301813
ENSG00000077238	16	27324989	27376099
ENSG00000103522	16	27413483	27462115
ENSG00000077235	16	27470876	27561234
ENSG00000102974	16	67596310	67673086
ENSG00000159753	16	67678822	67691472
ENSG00000047578	16	27561454	27791690
ENSG00000169181	16	27798850	28074830
ENSG00000169180	16	28109300	28223241
ENSG00000188322	16	28303840	28335170
ENSG00000198156	16	28353876	28374829
ENSG00000205609	16	28390900	28415200
ENSG00000233232	16	28467693	28481868
ENSG00000261832	16	28477974	28503333
ENSG00000188603	16	28477983	28506896
ENSG00000184730	16	28505970	28510291
ENSG00000197272	16	28510683	28523372
ENSG00000176046	16	28548606	28550495
ENSG00000176476	16	28565236	28603111
ENSG00000197165	16	28603264	28608430
ENSG00000196502	16	28616903	28634946
ENSG00000255524	16	28648975	28670003
ENSG00000184110	16	28699879	28747051
ENSG00000196993	16	28763108	28784128
ENSG00000168488	16	28834356	28848558
ENSG00000178952	16	28853732	28857729
