ENSG00000182077	10	27687116	27703297
ENSG00000128802	10	48413092	48416853
ENSG00000107623	10	48425815	48438976
ENSG00000099246	10	27793197	27831143
ENSG00000095564	10	93683526	93790082
ENSG00000198879	10	7200586	7453450
ENSG00000221164	10	74885838	74885965
ENSG00000199201	10	74951981	74952083
ENSG00000227382	10	74959584	74960983
ENSG00000222197	10	119117867	119117967
ENSG00000258114	10	119184705	119249930
ENSG00000236756	10	75007118	75036742
ENSG00000230720	10	31012180	31012669
ENSG00000229847	10	119232726	119304579
ENSG00000272914	10	31120757	31122316
ENSG00000227540	10	75012549	75014107
ENSG00000237135	10	31207941	31210164
ENSG00000263578	10	31354880	31354976
ENSG00000272381	10	31476812	31550839
ENSG00000200356	10	75038820	75038926
ENSG00000238983	10	75061539	75061642
ENSG00000207473	10	75106694	75106806
ENSG00000237036	10	31495207	31609376
ENSG00000152766	10	90581889	90611575
ENSG00000233144	10	75141191	75143254
ENSG00000107816	10	102756375	102767593
ENSG00000252479	10	31548528	31548633
ENSG00000230397	10	31649884	31650144
ENSG00000196960	10	31650356	31688682
ENSG00000223834	10	31893528	31895146
ENSG00000231855	10	31917468	31917527
ENSG00000237797	10	31982012	31996316
ENSG00000222412	10	32044970	32045064
ENSG00000231148	10	32202071	32202682
ENSG00000230240	10	32272813	32273482
ENSG00000165309	10	23216953	23326518
ENSG00000138134	10	90639491	90734910
ENSG00000239731	10	32281018	32281309
ENSG00000206660	10	32345674	32345767
ENSG00000234335	10	32391450	32392221
ENSG00000213185	10	124608594	124639157
ENSG00000182771	10	87359312	88126250
ENSG00000229659	10	75182017	75182454
ENSG00000266344	10	75188425	75188494
ENSG00000203795	10	124670217	124672627
ENSG00000151923	10	121334199	121356541
ENSG00000221817	10	75255283	75279828
ENSG00000235198	10	119321595	119331968
ENSG00000234952	10	119494824	119495918
ENSG00000263041	10	119585414	119590029
ENSG00000231104	10	119776998	119805321
ENSG00000183675	10	48736874	48827966
ENSG00000177640	10	119805790	119969663
ENSG00000207327	10	75288809	75288915
ENSG00000237139	10	75297561	75298149
ENSG00000235113	10	32398789	32400594
ENSG00000234811	10	32400572	32400717
ENSG00000252482	10	32462612	32462672
ENSG00000217094	10	32477251	32477745
ENSG00000233190	10	32520777	32521173
ENSG00000227253	10	32555217	32558402
ENSG00000214285	10	129347613	129350935
ENSG00000186766	10	129535499	129539450
ENSG00000180745	10	129676105	129691211
ENSG00000198924	10	115594488	115614142
ENSG00000226842	10	32570614	32571757
ENSG00000233825	10	32635427	32636107
ENSG00000222309	10	32635792	32635874
ENSG00000229327	10	32636325	32663416
ENSG00000200484	10	32683486	32683593
ENSG00000231245	10	32800264	32800665
ENSG00000273038	10	33176189	33178239
ENSG00000228816	10	33233409	33233927
ENSG00000229656	10	33247773	33371030
ENSG00000119965	10	124690419	124713919
ENSG00000062650	10	88195013	88281572
ENSG00000186862	10	102767440	102790890
ENSG00000132334	10	129705325	129884119
ENSG00000268584	10	75385754	75386548
ENSG00000272791	10	75390314	75391248
ENSG00000271848	10	75413797	75434477
ENSG00000242288	10	75434053	75490272
ENSG00000271816	10	75458909	75490245
ENSG00000108100	10	35535953	35860852
ENSG00000272140	10	75463493	75473339
ENSG00000252072	10	75466248	75466371
ENSG00000165732	10	70715884	70744829
ENSG00000224005	10	75473354	75473609
ENSG00000242338	10	75475601	75490227
ENSG00000196865	10	115614420	115676953
ENSG00000250959	10	75490320	75497069
ENSG00000235316	10	75491582	75493396
ENSG00000179988	10	124713897	124757029
ENSG00000204049	10	79626633	79629368
ENSG00000234163	10	33312296	33312575
ENSG00000265319	10	33323585	33323852
ENSG00000148606	10	79734907	79789303
ENSG00000107796	10	90694831	90751147
ENSG00000107864	10	93806449	94050844
ENSG00000270808	10	75500296	75500581
ENSG00000253045	10	75534080	75534299
ENSG00000272589	10	75556272	75561157
ENSG00000224195	10	75573276	75574495
ENSG00000229990	10	75601591	75606324
ENSG00000225761	10	75764895	75787673
ENSG00000229878	10	33324397	33324592
ENSG00000235962	10	33346543	33347343
ENSG00000233387	10	33385185	33405600
ENSG00000263576	10	33387463	33387564
ENSG00000238258	10	33500205	33502732
ENSG00000244356	10	33577234	33577529
ENSG00000273012	10	33630583	33630833
ENSG00000226412	10	33867859	33888968
ENSG00000203565	10	33973683	33975992
ENSG00000198060	10	94050920	94113721
ENSG00000261683	10	34048641	34061586
ENSG00000226407	10	34153241	34153651
ENSG00000223470	10	34198166	34206723
ENSG00000199200	10	34490908	34491002
ENSG00000234167	10	34777511	34777806
ENSG00000229235	10	34952787	34953029
ENSG00000215184	10	34964563	34964969
ENSG00000226386	10	35104695	35105314
ENSG00000232525	10	35164138	35164350
ENSG00000223047	10	35215703	35215810
ENSG00000222909	10	35231897	35232003
ENSG00000213724	10	35253997	35255187
ENSG00000266228	10	35368526	35368608
ENSG00000238276	10	120001076	120027222
ENSG00000230534	10	35386934	35415948
ENSG00000123243	10	7601232	7708961
ENSG00000253054	10	35424371	35424430
ENSG00000233343	10	35447234	35447568
ENSG00000269952	10	35499344	35499678
ENSG00000233200	10	35508822	35519526
ENSG00000232139	10	120116620	120124615
ENSG00000253070	10	35520259	35520322
ENSG00000200097	10	35539887	35539980
ENSG00000271335	10	35603480	35625329
ENSG00000273312	10	35894929	35897081
ENSG00000266281	10	120305606	120305676
ENSG00000234309	10	120332383	120333132
ENSG00000263658	10	120390435	120390554
ENSG00000225155	10	120403272	120403710
ENSG00000251836	10	120545264	120545475
ENSG00000236058	10	120631561	120632114
ENSG00000213574	10	120692186	120692807
ENSG00000267957	10	75880013	75880621
ENSG00000269772	10	75880800	75881121
ENSG00000236900	10	76104308	76104563
ENSG00000214629	10	76131293	76132174
ENSG00000095574	10	124750322	124768333
ENSG00000213731	10	76183193	76183772
ENSG00000232342	10	76265890	76290311
ENSG00000226253	10	76287342	76287705
ENSG00000206756	10	76311150	76311251
ENSG00000271710	10	76401168	76401534
ENSG00000214626	10	76414714	76415889
ENSG00000213525	10	76504144	76504465
ENSG00000151929	10	121410882	121437331
ENSG00000107819	10	102790991	102800998
ENSG00000264780	10	35930100	35930180
ENSG00000226646	10	35986228	35986965
ENSG00000227313	10	36185802	36187891
ENSG00000227475	10	36378014	36378317
ENSG00000236626	10	36721810	36723412
ENSG00000272748	10	76581368	76581888
ENSG00000234149	10	76762813	76784932
ENSG00000234631	10	115674530	115676949
ENSG00000043591	10	115803806	115806667
ENSG00000150051	10	27961804	28034989
ENSG00000198825	10	121485609	121588652
ENSG00000177291	10	35894338	35897863
ENSG00000227186	10	76783233	76784009
ENSG00000237882	10	76849006	76849483
ENSG00000177283	10	35927177	35930362
ENSG00000232437	10	76884975	76885620
ENSG00000229272	10	120763048	120763396
ENSG00000215925	10	120765302	120765411
ENSG00000207468	10	120819523	120819650
ENSG00000222588	10	120820495	120820623
ENSG00000271343	10	120852652	120852853
ENSG00000196177	10	124768495	124817827
ENSG00000165813	10	115880621	115933979
ENSG00000263626	10	76944716	76944816
ENSG00000227271	10	77029150	77029303
ENSG00000226051	10	77029577	77133258
ENSG00000148450	10	23384435	23410942
ENSG00000169126	10	28064115	28287977
ENSG00000119912	10	94211441	94333833
ENSG00000228694	10	36723638	36724102
ENSG00000237002	10	36727544	36731320
ENSG00000229644	10	36810649	36813162
ENSG00000207271	10	36914943	36915066
ENSG00000238176	10	37229037	37232860
ENSG00000233313	10	77036134	77036404
ENSG00000107821	10	102821598	102827888
ENSG00000233533	10	37233039	37233666
ENSG00000270087	10	77039484	77161004
ENSG00000225355	10	37283951	37284513
ENSG00000206796	10	37424165	37424271
ENSG00000234918	10	37529815	37530977
ENSG00000223428	10	77048091	77048440
ENSG00000236797	10	77142151	77142602
ENSG00000240800	10	37537046	37604729
ENSG00000244402	10	37586326	37586615
ENSG00000237149	10	77160759	77168738
ENSG00000148513	10	37414785	37673039
ENSG00000198954	10	70748487	70776738
ENSG00000138326	10	79793518	79816570
ENSG00000252621	10	37591928	37592037
ENSG00000235687	10	37598113	37635959
ENSG00000236311	10	102849078	102890883
ENSG00000269259	10	102882536	102883624
ENSG00000107807	10	102889257	102897545
ENSG00000122861	10	75668935	75677255
ENSG00000138136	10	102986733	102989551
ENSG00000188620	10	124895478	124897257
ENSG00000188816	10	124907638	124910188
ENSG00000166167	10	103113820	103317078
ENSG00000273248	10	77168731	77169084
ENSG00000272692	10	77168915	77171600
ENSG00000236842	10	77190329	77191346
ENSG00000207583	10	77312216	77312311
ENSG00000268659	10	77402234	77402857
ENSG00000228280	10	77502498	77503513
ENSG00000154473	10	124913793	124924886
ENSG00000120616	10	32556679	32667726
ENSG00000215921	10	77583444	77583536
ENSG00000168267	10	23481256	23483181
ENSG00000204566	10	23492745	23528745
ENSG00000179133	10	23556124	23633774
ENSG00000221232	10	77887009	77887069
ENSG00000265486	10	78001782	78002071
ENSG00000201954	10	78020558	78020661
ENSG00000230575	10	78197166	78198533
ENSG00000269256	10	78318108	78320752
ENSG00000122862	10	70847862	70864567
ENSG00000252888	10	78595135	78595260
ENSG00000224948	10	78596326	78596619
ENSG00000228485	10	120968043	120971272
ENSG00000242853	10	120972369	120972656
ENSG00000236426	10	121094006	121095694
ENSG00000265719	10	121137484	121137555
ENSG00000271353	10	121321613	121322042
ENSG00000234569	10	121380580	121381392
ENSG00000227437	10	121397968	121398594
ENSG00000232823	10	121442639	121443335
ENSG00000242818	10	121527759	121528052
ENSG00000270300	10	121574741	121576154
ENSG00000265370	10	121718025	121718104
ENSG00000180230	10	121756598	121757221
ENSG00000223455	10	121829492	121829671
ENSG00000221402	10	121883644	121883738
ENSG00000220842	10	122114177	122114718
ENSG00000234522	10	122194495	122199888
ENSG00000265239	10	122223346	122223443
ENSG00000227165	10	122521324	122610721
ENSG00000237970	10	37626343	37627799
ENSG00000236313	10	37637544	37638500
ENSG00000271670	10	122638768	122640179
ENSG00000224920	10	37811939	37833629
ENSG00000227307	10	122685059	122740213
ENSG00000236762	10	122892604	122893237
ENSG00000225276	10	37889724	37890296
ENSG00000226578	10	38064299	38073059
ENSG00000260137	10	38080508	38080865
ENSG00000225192	10	38083204	38085037
ENSG00000228828	10	38107534	38109910
ENSG00000236467	10	78647802	78740382
ENSG00000026103	10	90750414	90775542
ENSG00000227143	10	122938214	122945480
ENSG00000222979	10	123170430	123170714
ENSG00000256892	10	37890366	37891859
ENSG00000223432	10	123374939	123375353
ENSG00000223540	10	123473121	123473508
ENSG00000224250	10	123495818	123499245
ENSG00000201884	10	123606115	123606215
ENSG00000226864	10	123687827	123711480
ENSG00000202245	10	124105205	124105308
ENSG00000265442	10	124176481	124176583
ENSG00000198105	10	38091751	38147034
ENSG00000176584	10	124516210	124558696
ENSG00000122958	10	70883268	70932617
ENSG00000272135	10	124578332	124585965
ENSG00000255624	10	124639246	124658230
ENSG00000266800	10	38120817	38120899
ENSG00000236514	10	38146668	38148038
ENSG00000151963	10	38172522	38173037
ENSG00000227586	10	124931048	124931395
ENSG00000265463	10	124975618	124975704
ENSG00000235197	10	38183565	38185594
ENSG00000266684	10	38243850	38243919
ENSG00000226447	10	38265753	38281395
ENSG00000206840	10	38283791	38283903
ENSG00000252132	10	38332801	38332903
ENSG00000148773	10	129894923	129924649
ENSG00000226086	10	38368984	38369805
ENSG00000270902	10	125082938	125083102
ENSG00000235964	10	38380692	38380979
ENSG00000230131	10	125115966	125277224
ENSG00000272983	10	38426265	38433327
ENSG00000273019	10	38438896	38439221
ENSG00000225965	10	38450498	38450677
ENSG00000241125	10	38453576	38466958
ENSG00000224761	10	38464596	38501285
ENSG00000236309	10	38475598	38475699
ENSG00000226113	10	38536850	38622083
ENSG00000234941	10	38539370	38539531
ENSG00000099251	10	38645305	38667433
ENSG00000165312	10	23728198	23731308
ENSG00000225497	10	78907410	78909858
ENSG00000224500	10	79073699	79075452
ENSG00000225652	10	79114162	79136371
ENSG00000197771	10	121588972	121652068
ENSG00000150054	10	28339922	28623415
ENSG00000228092	10	79193330	79193540
ENSG00000199592	10	79346807	79346917
ENSG00000213514	10	79490524	79494527
ENSG00000199664	10	79536709	79536813
ENSG00000122375	10	88414314	88426605
ENSG00000213513	10	79540095	79541634
ENSG00000228748	10	79542624	79552934
ENSG00000166171	10	103330317	103369425
ENSG00000243446	10	79672032	79672304
ENSG00000233871	10	79687130	79689582
ENSG00000234612	10	79713253	79713634
ENSG00000225152	10	125185229	125187156
ENSG00000222047	10	75669727	75682535
ENSG00000234542	10	125333743	125343283
ENSG00000156502	10	70939988	70968855
ENSG00000221293	10	125494301	125494372
ENSG00000120549	10	23983675	24836772
ENSG00000122367	10	88428206	88495825
ENSG00000120555	10	38671997	38691844
ENSG00000231957	10	79828381	79829296
ENSG00000230417	10	80008505	80434724
ENSG00000231138	10	125536186	125537265
ENSG00000221437	10	125670995	125671077
ENSG00000234677	10	125673090	125691113
ENSG00000213438	10	125751426	125752185
ENSG00000232334	10	125763820	125764344
ENSG00000269962	10	126133808	126134344
ENSG00000271434	10	126136282	126138617
ENSG00000229455	10	126178392	126179147
ENSG00000233334	10	126392194	126402786
ENSG00000199466	10	126454765	126454866
ENSG00000203457	10	126493333	126493557
ENSG00000207494	10	126503527	126503631
ENSG00000214807	10	126556079	126556895
ENSG00000249456	10	126605712	126631450
ENSG00000226899	10	126633773	126635001
ENSG00000035403	10	75757872	75879918
ENSG00000264572	10	126721352	126721439
ENSG00000214298	10	126855246	126855506
ENSG00000227136	10	80027085	80090352
ENSG00000095627	10	115939029	115992063
ENSG00000166169	10	103338639	103348027
ENSG00000108175	10	80828792	81076276
ENSG00000170430	10	131265448	131566271
ENSG00000229543	10	80053599	80060760
ENSG00000230229	10	80112354	80115857
ENSG00000201393	10	80127264	80127380
ENSG00000228683	10	80455819	80456779
ENSG00000223243	10	80510359	80510454
ENSG00000224596	10	80703085	80827652
ENSG00000175395	10	38238500	38265561
ENSG00000233135	10	127162255	127162501
ENSG00000237675	10	127262940	127267014
ENSG00000268421	10	131308884	131309525
ENSG00000108001	10	131633547	131762105
ENSG00000222314	10	38712553	38712656
ENSG00000228882	10	38741915	38744293
ENSG00000229569	10	80760241	80763560
ENSG00000203496	10	38742109	38755104
ENSG00000235426	10	81142084	81169030
ENSG00000138160	10	94353043	94415150
ENSG00000259021	10	81259422	81259740
ENSG00000241317	10	81263829	81266037
ENSG00000215151	10	38894549	38898740
ENSG00000272475	10	81270301	81270439
ENSG00000271985	10	81286264	81286387
ENSG00000225638	10	38929039	38931213
ENSG00000232965	10	81303843	81304112
ENSG00000219430	10	81342054	81344633
ENSG00000107651	10	121652223	121702014
ENSG00000189180	10	38299578	38354016
ENSG00000233867	10	38934102	38982199
ENSG00000108010	10	131934663	131982785
ENSG00000154478	10	125425871	125454123
ENSG00000185009	10	75881524	75910821
ENSG00000121898	10	125465723	125699783
ENSG00000214297	10	127355444	127356519
ENSG00000228021	10	127371798	127398627
ENSG00000224023	10	127389005	127408135
ENSG00000234134	10	127407340	127407934
ENSG00000236991	10	127433296	127440679
ENSG00000216937	10	32735068	32863492
ENSG00000265092	10	127508309	127508391
ENSG00000215972	10	127531513	127531598
ENSG00000222629	10	127579135	127579247
ENSG00000234016	10	127648777	127648975
ENSG00000227264	10	38989555	38991356
ENSG00000234541	10	39006326	39012360
ENSG00000227679	10	39055226	39055622
ENSG00000233832	10	39076135	39076239
ENSG00000229485	10	42644758	42644997
ENSG00000165816	10	115999018	116051272
ENSG00000237592	10	42680787	42681239
ENSG00000271650	10	42705438	42705831
ENSG00000264398	10	42730351	42730423
ENSG00000228755	10	42775182	42777267
ENSG00000152804	10	94447945	94455403
ENSG00000075407	10	38383264	38414472
ENSG00000233409	10	127660757	127661695
ENSG00000156110	10	75910960	76469061
ENSG00000222740	10	127834043	127834151
ENSG00000213170	10	127961387	127961980
ENSG00000235180	10	128102438	128110448
ENSG00000138190	10	94590935	94819250
ENSG00000215146	10	42827314	42863422
ENSG00000182632	10	42903616	42967688
ENSG00000185904	10	42970991	42990784
ENSG00000234420	10	43008958	43048270
ENSG00000156510	10	70980059	71027315
ENSG00000270762	10	43050888	43051172
ENSG00000221717	10	128245532	128245633
ENSG00000225827	10	81355050	81355416
ENSG00000226676	10	81388513	81391944
ENSG00000199321	10	128468271	128468343
ENSG00000202487	10	128609376	128609472
ENSG00000244733	10	81420647	81437248
ENSG00000223528	10	128798541	128824771
ENSG00000226381	10	81422844	81526085
ENSG00000233837	10	43062125	43062931
ENSG00000272373	10	43069633	43134016
ENSG00000108179	10	81107225	81115093
ENSG00000107779	10	88516407	88692595
ENSG00000203805	10	122216466	122349367
ENSG00000272489	10	81422948	81424542
ENSG00000177234	10	122357721	122359629
ENSG00000272319	10	43075172	43078220
ENSG00000272387	10	43078683	43078835
ENSG00000271831	10	43079215	43079241
ENSG00000251783	10	43100606	43100711
ENSG00000232109	10	43156176	43157224
ENSG00000233515	10	43169645	43187171
ENSG00000231009	10	43189819	43210023
ENSG00000120008	10	122610687	122669036
ENSG00000169129	10	116054583	116164515
ENSG00000224886	10	81444250	81444739
ENSG00000232935	10	128811765	128824739
ENSG00000188722	10	129534323	129534969
ENSG00000225484	10	81563813	81586350
ENSG00000270778	10	129666145	129666751
ENSG00000232259	10	129727640	129732781
ENSG00000227076	10	129732962	129734431
ENSG00000234640	10	130114546	130118478
ENSG00000224190	10	130711143	130714535
ENSG00000232985	10	130757036	130758326
ENSG00000225424	10	131076515	131089986
ENSG00000266061	10	131286133	131286246
ENSG00000176769	10	132890654	133109984
ENSG00000188279	10	49199649	49207818
ENSG00000237224	10	131498729	131499821
ENSG00000272447	10	81585658	81587358
ENSG00000214695	10	81620329	81621562
ENSG00000204437	10	81630131	81633659
ENSG00000095787	10	28821422	28912041
ENSG00000189275	10	133604734	133622535
ENSG00000175470	10	133747955	133773331
ENSG00000187553	10	94821021	94828454
ENSG00000214584	10	81651904	81652931
ENSG00000242600	10	81664654	81710092
ENSG00000095596	10	94833232	94837647
ENSG00000273372	10	81727969	81732969
ENSG00000235924	10	81741595	81741968
ENSG00000225100	10	81742666	81742996
ENSG00000225119	10	38717074	38736820
ENSG00000234864	10	43191483	43201901
ENSG00000176171	10	133781578	133795435
ENSG00000230425	10	43221305	43232607
ENSG00000270552	10	43242992	43244135
ENSG00000188385	10	133918175	133998313
ENSG00000259869	10	43246626	43247593
ENSG00000238732	10	43305675	43305778
ENSG00000252416	10	43327895	43327998
ENSG00000234944	10	43366969	43369508
ENSG00000229630	10	43474465	43476955
ENSG00000269879	10	24770273	24770632
ENSG00000263795	10	43493011	43493129
ENSG00000273008	10	43632272	43633782
ENSG00000224265	10	43819113	43823380
ENSG00000182022	10	125767184	125853206
ENSG00000156515	10	71029740	71161638
ENSG00000170324	10	49364601	49482941
ENSG00000107863	10	24872538	25012597
ENSG00000229616	10	81777469	81777667
ENSG00000224760	10	81784493	81784918
ENSG00000165424	10	81142081	81205383
ENSG00000150076	10	32832297	33171802
ENSG00000236217	10	81791600	81792149
ENSG00000227515	10	81800377	81800800
ENSG00000230091	10	81806616	81838668
ENSG00000230171	10	81885697	81886073
ENSG00000237523	10	81967466	81979413
ENSG00000234319	10	81975607	81975875
ENSG00000234382	10	81993420	82005123
ENSG00000196693	10	43084555	43133992
ENSG00000234743	10	82006975	82007439
ENSG00000232950	10	82057476	82059411
ENSG00000235858	10	82093527	82094182
ENSG00000235705	10	81266126	81270678
ENSG00000271738	10	82194765	82196869
ENSG00000253626	10	81272357	81276188
ENSG00000165733	10	43278249	43330385
ENSG00000185303	10	81315608	81320153
ENSG00000221468	10	43837234	43837358
ENSG00000221400	10	43912698	43912888
ENSG00000230555	10	43916186	43917548
ENSG00000252532	10	43953513	43953577
ENSG00000236114	10	44018704	44020665
ENSG00000232004	10	44100291	44101699
ENSG00000223910	10	44124265	44170151
ENSG00000237389	10	44126330	44127012
ENSG00000238263	10	44126395	44126830
ENSG00000226245	10	44139320	44140495
ENSG00000065154	10	126085872	126107545
ENSG00000230565	10	44141390	44143467
ENSG00000228426	10	44161116	44162453
ENSG00000271173	10	44223665	44224176
ENSG00000224162	10	44227782	44228032
ENSG00000227374	10	131567108	131567699
ENSG00000266676	10	131641563	131641638
ENSG00000237489	10	131864638	131909081
ENSG00000233122	10	131904273	131907095
ENSG00000233319	10	131930034	131930505
ENSG00000236303	10	132237331	132281418
ENSG00000222997	10	132303370	132303465
ENSG00000264803	10	132760851	132760931
ENSG00000266057	10	132793569	132793650
ENSG00000230098	10	132893481	132894040
ENSG00000265977	10	133489515	133489584
ENSG00000235010	10	133994729	133999466
ENSG00000173269	10	88695297	88729238
ENSG00000151640	10	134000404	134019280
ENSG00000231705	10	134232587	134234457
ENSG00000138135	10	90965694	90967071
ENSG00000234311	10	134247237	134254988
ENSG00000226900	10	134325130	134331695
ENSG00000229081	10	134334331	134335953
ENSG00000234531	10	134596683	134598269
ENSG00000232903	10	134757471	134778793
ENSG00000226659	10	82289353	82295698
ENSG00000224758	10	134774844	134775741
ENSG00000240707	10	134779038	134789858
ENSG00000231082	10	82409553	82413488
ENSG00000256925	10	134898748	134900201
ENSG00000233353	10	82476239	82476824
ENSG00000203268	10	134899473	134900137
ENSG00000235264	10	134958116	134958808
ENSG00000166917	10	135059982	135061395
ENSG00000107829	10	103370423	103455052
ENSG00000107798	10	90973326	91174314
ENSG00000122852	10	81370695	81375196
ENSG00000156650	10	76585340	76792380
ENSG00000235245	10	135108691	135109481
ENSG00000270235	10	135137576	135138249
ENSG00000230306	10	135158147	135158410
ENSG00000223746	10	44236885	44237798
ENSG00000226699	10	135159258	135164230
ENSG00000265395	10	135185060	135185167
ENSG00000234973	10	44273010	44274273
ENSG00000273327	10	135243898	135244822
ENSG00000226790	10	44282860	44285865
ENSG00000204187	10	44340754	44346070
ENSG00000214279	10	135267432	135337062
ENSG00000226808	10	44354859	44390881
ENSG00000233703	10	82509388	82510987
ENSG00000231060	10	82535921	82537844
ENSG00000236769	10	44396813	44407774
ENSG00000227029	10	44407892	44409684
ENSG00000233395	10	44434451	44439914
ENSG00000238957	10	44529988	44530059
ENSG00000227209	10	82700421	82700957
ENSG00000237590	10	44755050	44757261
ENSG00000226466	10	82896296	82897091
ENSG00000229116	10	44787706	44789157
ENSG00000265990	10	82904408	82904487
ENSG00000214089	10	44910097	44910601
ENSG00000221378	10	83810018	83810104
ENSG00000165731	10	43572475	43625799
ENSG00000270767	10	44983783	44983893
ENSG00000138119	10	95066186	95242074
ENSG00000234580	10	45086656	45097552
ENSG00000227395	10	45301891	45303671
ENSG00000224812	10	45306472	45455137
ENSG00000234504	10	45395062	45415668
ENSG00000223462	10	45432956	45451173
ENSG00000273363	10	45454365	45454906
ENSG00000226937	10	45497670	45642669
ENSG00000229458	10	83983969	83988935
ENSG00000225738	10	83988741	83992676
ENSG00000207275	10	84100527	84100632
ENSG00000200774	10	84827718	84827827
ENSG00000234931	10	85071384	85074231
ENSG00000265268	10	85196790	85196885
ENSG00000233945	10	85432162	85435195
ENSG00000223565	10	85495262	85496249
ENSG00000212324	10	85524114	85524220
ENSG00000233258	10	85671410	85672678
ENSG00000099204	10	116190872	116444762
ENSG00000165752	10	134020996	134145351
ENSG00000229544	10	126135592	126138753
ENSG00000270258	10	45551104	45551716
ENSG00000228462	10	45568594	45568989
ENSG00000107902	10	126150403	126306457
ENSG00000232554	10	45595614	45611549
ENSG00000273336	10	135294742	135295274
ENSG00000266547	10	135311055	135311140
ENSG00000233685	10	135388626	135389535
ENSG00000213543	10	135450912	135451396
ENSG00000233435	10	135455590	135456398
ENSG00000235690	10	45622766	45644362
ENSG00000243349	10	45642842	45666837
ENSG00000150093	10	33189247	33294720
ENSG00000173267	10	88718375	88723017
ENSG00000169826	10	43633934	43680756
ENSG00000258539	10	126305649	126480296
ENSG00000189319	10	126307861	126432838
ENSG00000236442	10	45646893	45647363
ENSG00000230501	10	45652223	45672373
ENSG00000263476	10	45659462	45659536
ENSG00000227683	10	45659676	45676875
ENSG00000207071	10	45684238	45684344
ENSG00000234993	10	45727474	45742809
ENSG00000224402	10	45753633	45754571
ENSG00000231964	10	45940018	45948569
ENSG00000188716	10	76797594	76818272
ENSG00000230869	10	46174140	46195980
ENSG00000148671	10	88727949	88743691
ENSG00000237840	10	46201879	46222679
ENSG00000107643	10	49514698	49647403
ENSG00000079393	10	76854192	76868979
ENSG00000228702	10	46221142	46221486
ENSG00000270434	10	46308096	46308392
ENSG00000239883	10	46349541	46411619
ENSG00000188100	10	88780063	88784487
ENSG00000200789	10	85763088	85763235
ENSG00000212769	10	85841185	85841751
ENSG00000230468	10	135470739	135474139
ENSG00000148672	10	88810243	88854623
ENSG00000119922	10	91061712	91069033
ENSG00000271933	10	85898176	85900338
ENSG00000229404	10	86039736	86054415
ENSG00000221108	10	135473084	135473179
ENSG00000237635	10	135477931	135478609
ENSG00000233189	10	86148926	86149382
ENSG00000258911	10	135480654	135481921
ENSG00000258434	10	135483662	135488584
ENSG00000225423	10	86150664	86151801
ENSG00000225928	10	86214435	86215812
ENSG00000178429	10	86320199	86321019
ENSG00000099256	10	25137536	25241533
ENSG00000198915	10	43689983	43762367
ENSG00000238469	10	86623021	86623118
ENSG00000237267	10	86953177	86957714
ENSG00000223993	10	87191699	87192271
ENSG00000224504	10	87192619	87208718
ENSG00000230962	10	87209349	87251753
ENSG00000223064	10	87297136	87297240
ENSG00000252730	10	87318481	87318829
ENSG00000234942	10	87365150	87366263
ENSG00000259139	10	135487297	135488539
ENSG00000258617	10	135490272	135495193
ENSG00000258514	10	135493906	135495148
ENSG00000235950	10	135496888	135498492
ENSG00000188199	10	81462983	81474437
ENSG00000119917	10	91087651	91100728
ENSG00000226880	10	135505635	135505917
ENSG00000213147	10	135515571	135516024
ENSG00000075073	10	71163659	71176623
ENSG00000107831	10	103529899	103535854
ENSG00000148814	10	134145614	134195010
ENSG00000239152	10	46351755	46351870
ENSG00000150175	10	46657135	46681603
ENSG00000270002	10	87403830	87407823
ENSG00000252292	10	87409769	87410017
ENSG00000236606	10	87468517	87468924
ENSG00000200487	10	87812205	87812323
ENSG00000199104	10	88024451	88024545
ENSG00000238803	10	88062583	88062678
ENSG00000212332	10	88248203	88248306
ENSG00000227896	10	88281702	88284858
ENSG00000228570	10	81601114	81610632
ENSG00000230507	10	88390582	88391385
ENSG00000252189	10	88505597	88505706
ENSG00000272631	10	88509511	88516055
ENSG00000099282	10	71211229	71267425
ENSG00000204010	10	91137813	91144962
ENSG00000185745	10	91152303	91163745
ENSG00000150201	10	43867090	43871783
ENSG00000270874	10	88614453	88615993
ENSG00000200176	10	88649326	88649490
ENSG00000272734	10	88725102	88731068
ENSG00000273413	10	88729994	88730583
ENSG00000271880	10	88730498	88769883
ENSG00000152778	10	91174343	91180758
ENSG00000133661	10	81697496	81742370
ENSG00000240089	10	88752010	88760192
ENSG00000107833	10	103541082	103543170
ENSG00000066468	10	123237848	123357972
ENSG00000151303	10	88752163	88769960
ENSG00000272508	10	88753189	88784489
ENSG00000169813	10	43881065	43904614
ENSG00000243289	10	46717127	46733073
ENSG00000204177	10	46737612	46761205
ENSG00000261011	10	88761393	88769662
ENSG00000229969	10	88769542	88775539
ENSG00000271573	10	88786941	88787234
ENSG00000200253	10	88800995	88801098
ENSG00000237280	10	88873711	88875280
ENSG00000266323	10	88913843	88914126
ENSG00000223482	10	88963632	89102369
ENSG00000203791	10	126436718	126480439
ENSG00000133678	10	81838402	81852313
ENSG00000238405	10	46742028	46742143
ENSG00000227194	10	46772794	46778894
ENSG00000151023	10	25270908	25305089
ENSG00000215097	10	46773447	46775206
ENSG00000228745	10	46790404	46791522
ENSG00000095739	10	28966271	28971868
ENSG00000230761	10	46797868	46809021
ENSG00000171813	10	134210672	134231367
ENSG00000243660	10	43932282	43991517
ENSG00000152779	10	91190051	91316398
ENSG00000224914	10	89102493	89117639
ENSG00000165874	10	46897592	46939143
ENSG00000264977	10	46900386	46900669
ENSG00000272430	10	46914145	46917230
ENSG00000229927	10	46914151	46914706
ENSG00000229227	10	46937463	46951699
ENSG00000204365	10	29135337	29170827
ENSG00000156671	10	76859344	76941881
ENSG00000120563	10	29577990	29607257
ENSG00000122859	10	71331454	71332994
ENSG00000185875	10	25305587	25315593
ENSG00000171224	10	71390007	71393352
ENSG00000152782	10	91342745	91405215
ENSG00000165660	10	126490354	126525239
ENSG00000151025	10	25463991	25891155
ENSG00000235645	10	71444655	71452208
ENSG00000019995	10	126630692	126676758
ENSG00000122376	10	88853918	88951225
ENSG00000237740	10	89136653	89138238
ENSG00000151655	10	7745232	7791483
ENSG00000236417	10	89146442	89149960
ENSG00000180066	10	134257831	134262912
ENSG00000228055	10	89156780	89184549
ENSG00000231569	10	89167801	89168015
ENSG00000222192	10	89322845	89322943
ENSG00000223761	10	89351364	89365781
ENSG00000225913	10	89367742	89419036
ENSG00000196566	10	89369920	89419760
ENSG00000197321	10	29746267	30025710
ENSG00000198408	10	103544200	103578696
ENSG00000068383	10	134351324	134596979
ENSG00000175029	10	126676421	126849739
ENSG00000234192	10	89402364	89402711
ENSG00000095777	10	26223196	26501456
ENSG00000223820	10	89577685	89605369
ENSG00000243782	10	89592578	89592855
ENSG00000224745	10	89638449	89640184
ENSG00000184923	10	88985205	88996665
ENSG00000213613	10	89705259	89705781
ENSG00000197467	10	71561644	71724031
ENSG00000200891	10	89754375	89754452
ENSG00000227905	10	89807892	89809580
ENSG00000201548	10	90345395	90345490
ENSG00000237205	10	90377980	90378691
ENSG00000271408	10	90459440	90460158
ENSG00000226358	10	90487242	90488671
ENSG00000151553	10	116581503	116659591
ENSG00000189129	10	81891438	81905115
ENSG00000165637	10	76969912	76991206
ENSG00000196793	10	44051792	44070066
ENSG00000235150	10	90545357	90546818
ENSG00000234256	10	90636207	90637301
ENSG00000198298	10	44101855	44113351
ENSG00000148826	10	134598297	134599556
ENSG00000165832	10	116697952	116737430
ENSG00000138182	10	91461367	91534700
ENSG00000128805	10	49654077	49864310
ENSG00000231187	10	46951472	46966835
ENSG00000180139	10	90692400	90700368
ENSG00000223477	10	47011753	47174018
ENSG00000261438	10	90775593	90776816
ENSG00000238991	10	90820788	90820888
ENSG00000213412	10	47133338	47133898
ENSG00000265375	10	90823092	90823168
ENSG00000233292	10	90898801	90899215
ENSG00000270369	10	47174442	47174739
ENSG00000224919	10	47186203	47192185
ENSG00000254929	10	47207805	47243502
ENSG00000252877	10	47222341	47222456
ENSG00000251079	10	47228366	47241942
ENSG00000107518	10	116853124	117708503
ENSG00000214562	10	89117425	89130452
ENSG00000171811	10	134621896	134756327
ENSG00000175018	10	127265091	127371713
ENSG00000099250	10	33466420	33625190
ENSG00000120049	10	103585731	103603677
ENSG00000138180	10	95256389	95288849
ENSG00000186188	10	95326422	95364237
ENSG00000232567	10	47253595	47259683
ENSG00000107789	10	89264632	89313217
ENSG00000138207	10	95351444	95361501
ENSG00000169740	10	44139307	44144304
ENSG00000215065	10	47254247	47256007
ENSG00000232438	10	47271222	47272342
ENSG00000227310	10	47279073	47289833
ENSG00000107562	10	44793038	44881941
ENSG00000189014	10	47379727	47420712
ENSG00000264710	10	47382464	47382747
ENSG00000226964	10	47396223	47396822
ENSG00000226667	10	47570513	47573872
ENSG00000215044	10	47594379	47595651
ENSG00000266769	10	91024097	91024163
ENSG00000232110	10	91043522	91051882
ENSG00000224289	10	91122051	91123244
ENSG00000095464	10	95372345	95425767
ENSG00000234452	10	91215821	91227897
ENSG00000243536	10	47605211	47644793
ENSG00000198997	10	91352500	91352586
ENSG00000249962	10	91404360	91404980
ENSG00000232936	10	91405039	91410424
ENSG00000128815	10	49892921	50191001
ENSG00000225836	10	91406046	91410579
ENSG00000235100	10	91426938	91459428
ENSG00000240996	10	91454052	91457685
ENSG00000232229	10	91589267	91600618
ENSG00000270670	10	91597369	91599091
ENSG00000226159	10	91675246	91717130
ENSG00000122359	10	81910645	81965328
ENSG00000228938	10	91738474	91738827
ENSG00000222451	10	91923408	91923717
ENSG00000236373	10	92162278	92300562
ENSG00000224750	10	92213927	92262725
ENSG00000238291	10	92222474	92227709
ENSG00000222305	10	92639797	92639936
ENSG00000201604	10	92682488	92682592
ENSG00000225519	10	92754377	92766147
ENSG00000259942	10	47656084	47657233
ENSG00000273124	10	92757237	92757470
ENSG00000224851	10	92806923	92821916
ENSG00000204150	10	47708307	47730235
ENSG00000220585	10	92812808	92814804
ENSG00000234043	10	92912362	92913106
ENSG00000271385	10	93224335	93224465
ENSG00000223876	10	93304609	93304855
ENSG00000213449	10	93426537	93427539
ENSG00000239492	10	47740330	47747200
ENSG00000228759	10	93525656	93526953
ENSG00000237393	10	47965760	47967323
ENSG00000224036	10	48157041	48158148
ENSG00000198682	10	89419370	89507462
ENSG00000107938	10	127408084	127452712
ENSG00000136750	10	26505236	26593487
ENSG00000231209	10	48169665	48175810
ENSG00000215024	10	48173347	48175106
ENSG00000251070	10	48187416	48199256
ENSG00000252754	10	48206895	48207010
ENSG00000270119	10	48249334	48262214
ENSG00000271217	10	48254606	48254905
ENSG00000226044	10	48324788	48332197
ENSG00000228865	10	48357926	48358600
ENSG00000266000	10	48387524	48387622
ENSG00000197704	10	48844036	48868504
ENSG00000148690	10	95427640	95462329
ENSG00000151892	10	117816444	118032979
ENSG00000204164	10	48901102	48950972
ENSG00000269515	10	44873687	44878739
ENSG00000187783	10	45406648	45432450
ENSG00000099284	10	71812552	71872036
ENSG00000228701	10	93542596	93558048
ENSG00000180581	10	93565803	93567253
ENSG00000272817	10	93667888	93669105
ENSG00000252993	10	93835999	93836122
ENSG00000214549	10	93878421	93878921
ENSG00000107551	10	45454855	45491339
ENSG00000213484	10	93896632	93898127
ENSG00000264076	10	93919329	93919429
ENSG00000221042	10	93963986	93964063
ENSG00000197177	10	134884433	134945179
ENSG00000182645	10	118083940	118139541
ENSG00000042286	10	71857979	71892690
ENSG00000151657	10	7792925	7829990
ENSG00000138138	10	89511269	89601100
ENSG00000105988	10	93976089	93976550
ENSG00000199881	10	94031904	94032007
ENSG00000202297	10	94094220	94094321
ENSG00000232709	10	94178424	94180632
ENSG00000207895	10	94200968	94201061
ENSG00000184111	10	94356609	94357044
ENSG00000264313	10	94418801	94419055
ENSG00000171798	10	134973951	135039916
ENSG00000236493	10	94428502	94429500
ENSG00000107669	10	123499939	123688316
ENSG00000201412	10	94470256	94470365
ENSG00000225118	10	94637849	94638046
ENSG00000226425	10	94819420	94820183
ENSG00000232805	10	94866629	94867140
ENSG00000237417	10	94966614	94969384
ENSG00000165507	10	45466429	45474258
ENSG00000213432	10	95043761	95044315
ENSG00000212396	10	95270305	95270437
ENSG00000221352	10	95368343	95368456
ENSG00000227995	10	95641050	95641695
ENSG00000180764	10	95717948	95721297
ENSG00000252895	10	95806795	95806882
ENSG00000222406	10	48931789	48931904
ENSG00000227781	10	48952491	48980269
ENSG00000203837	10	118187379	118237469
ENSG00000232913	10	95841707	95868571
ENSG00000154485	10	127455022	127464390
ENSG00000188690	10	127477146	127511817
ENSG00000156521	10	71897737	71906432
ENSG00000213686	10	48963181	48964127
ENSG00000228418	10	48980162	48981273
ENSG00000232426	10	48988121	48998766
ENSG00000077420	10	26727132	26856732
ENSG00000231575	10	95868873	95880864
ENSG00000234724	10	95897505	95899257
ENSG00000206631	10	95915396	95915502
ENSG00000228553	10	95984917	95987045
ENSG00000120029	10	103605356	103815950
ENSG00000165757	10	30301729	30404423
ENSG00000268894	10	96039034	96046828
ENSG00000165644	10	76993727	76995788
ENSG00000273450	10	96074664	96075084
ENSG00000244332	10	96337196	96370995
ENSG00000235746	10	96406121	96407753
ENSG00000230338	10	96533913	96534390
ENSG00000235199	10	96625609	96632886
ENSG00000230210	10	49087398	49094515
ENSG00000266197	10	49090136	49090419
ENSG00000079332	10	71907045	71930279
ENSG00000175535	10	118305443	118327367
ENSG00000179296	10	49217898	49239729
ENSG00000252149	10	49248476	49248591
ENSG00000243899	10	49256241	49268060
ENSG00000126542	10	49272334	49327498
ENSG00000232462	10	49363368	49364177
ENSG00000225482	10	49500742	49501460
ENSG00000248682	10	49718568	49719632
ENSG00000231906	10	49754517	49754758
ENSG00000251413	10	49832049	49833138
ENSG00000236800	10	49872244	49880469
ENSG00000228754	10	49953590	49954173
ENSG00000228403	10	50086067	50086694
ENSG00000241577	10	50092000	50143258
ENSG00000165511	10	45493146	45496336
ENSG00000225354	10	96642311	96643100
ENSG00000233377	10	96700010	96700878
ENSG00000228460	10	96766883	96767313
ENSG00000233665	10	50184599	50201091
ENSG00000260863	10	96769431	96769569
ENSG00000226576	10	50192609	50226942
ENSG00000264800	10	50193557	50193632
ENSG00000234736	10	50329884	50359592
ENSG00000227268	10	89618918	89623194
ENSG00000165655	10	77157588	77161664
ENSG00000187021	10	118349897	118368687
ENSG00000165512	10	45495923	45500774
ENSG00000236208	10	50504157	50507063
ENSG00000171862	10	89622870	89731687
ENSG00000256574	10	45798102	45811056
ENSG00000235939	10	50627323	50680949
ENSG00000271237	10	50759354	50760698
ENSG00000171794	10	135043778	135045062
ENSG00000226389	10	50979887	50981345
ENSG00000151650	10	135050908	135055433
ENSG00000237885	10	96791397	96791805
ENSG00000231829	10	96901682	96928182
ENSG00000225533	10	96943410	96943974
ENSG00000234026	10	96988000	96990901
ENSG00000214362	10	97354355	97355129
ENSG00000226688	10	97512963	97849995
ENSG00000151651	10	135075907	135090372
ENSG00000229870	10	51023142	51023608
ENSG00000148459	10	26986588	27035727
ENSG00000180817	10	71962586	71993667
ENSG00000230166	10	51117659	51117988
ENSG00000270568	10	51211725	51212022
ENSG00000214986	10	51214507	51216406
ENSG00000148655	10	77360998	78319925
ENSG00000240527	10	97593265	97633515
ENSG00000227805	10	97759535	97760000
ENSG00000266407	10	97824072	97824156
ENSG00000200728	10	97872504	97872608
ENSG00000177853	10	97889472	97965044
ENSG00000165629	10	7830092	7849778
ENSG00000107672	10	123716603	123734732
ENSG00000166189	10	103825147	103827792
ENSG00000165383	10	50117528	50143242
ENSG00000165633	10	50222290	50323554
ENSG00000107951	10	30598730	30663377
ENSG00000108231	10	95517566	95557916
ENSG00000198728	10	103867317	103880210
ENSG00000148498	10	34398488	35104253
ENSG00000204038	10	82009466	82013395
ENSG00000151224	10	82031576	82049440
ENSG00000229417	10	97949122	97949975
ENSG00000229418	10	98052442	98066452
ENSG00000244393	10	51253146	51371338
ENSG00000235677	10	98319942	98320679
ENSG00000202047	10	98379133	98379240
ENSG00000227032	10	98380634	98381464
ENSG00000207287	10	98502924	98503030
ENSG00000236552	10	98510045	98510675
ENSG00000207976	10	98588426	98588521
ENSG00000232875	10	98675390	98675659
ENSG00000272225	10	51253787	51262426
ENSG00000222100	10	51255380	51255495
ENSG00000225784	10	51287081	51371070
ENSG00000148680	10	92500578	92617671
ENSG00000012779	10	45869661	45941561
ENSG00000148734	10	72007085	72043432
ENSG00000170788	10	82095861	82116511
ENSG00000184719	10	90033621	90344287
ENSG00000172538	10	50339199	50342053
ENSG00000221465	10	98680459	98680548
ENSG00000231025	10	98752207	98755716
ENSG00000234855	10	98862513	98863504
ENSG00000231398	10	99034769	99037854
ENSG00000237169	10	99068895	99069715
ENSG00000225850	10	99094321	99102770
ENSG00000204161	10	50362773	50396630
ENSG00000133665	10	82104501	82127829
ENSG00000236787	10	51339438	51339770
ENSG00000223182	10	51383526	51383726
ENSG00000228326	10	51532102	51532572
ENSG00000107949	10	127512115	127542264
ENSG00000230553	10	51535126	51535474
ENSG00000223111	10	51611024	51611224
ENSG00000176273	10	95653730	95715819
ENSG00000204022	10	90346510	90366733
ENSG00000165406	10	45950035	46090354
ENSG00000231508	10	99152954	99153304
ENSG00000231970	10	99160872	99179281
ENSG00000200737	10	99180952	99181064
ENSG00000264677	10	99242426	99242530
ENSG00000227356	10	99588235	99609555
ENSG00000265398	10	99635569	99635654
ENSG00000230928	10	100011780	100016332
ENSG00000221419	10	100154975	100155064
ENSG00000264610	10	100191049	100191117
ENSG00000236818	10	100772860	100773709
ENSG00000234109	10	100807396	100808076
ENSG00000148840	10	103892787	103910082
ENSG00000148688	10	92631473	92668312
ENSG00000130640	10	135093135	135125841
ENSG00000224934	10	101190948	101197874
ENSG00000182333	10	90424198	90438571
ENSG00000257582	10	101286107	101290934
ENSG00000228778	10	101286838	101288018
ENSG00000238588	10	101361537	101361637
ENSG00000260475	10	101380812	101381675
ENSG00000138193	10	95753746	96092580
ENSG00000229278	10	101411746	101413662
ENSG00000233690	10	101457164	101457706
ENSG00000172731	10	72058729	72142382
ENSG00000156113	10	78629359	79398353
ENSG00000136754	10	27035522	27150016
ENSG00000089876	10	127524906	127585005
ENSG00000107968	10	30722866	30750762
ENSG00000177354	10	50507187	50535537
ENSG00000172671	10	46111043	46168228
ENSG00000148730	10	72164135	72188374
ENSG00000156574	10	72192071	72207707
ENSG00000197604	10	72194585	72196314
ENSG00000107719	10	72238577	72328205
ENSG00000214982	10	51623417	51732824
ENSG00000229464	10	51654977	51655307
ENSG00000227351	10	101548321	101549167
ENSG00000178440	10	51732523	51741813
ENSG00000222108	10	51739425	51739540
ENSG00000235618	10	51780942	51827563
ENSG00000227695	10	101686767	101718138
ENSG00000226631	10	51784895	51787123
ENSG00000233011	10	51910363	51912047
ENSG00000225137	10	52024738	52026575
ENSG00000180644	10	72357104	72362531
ENSG00000225303	10	52232574	52234006
ENSG00000251950	10	52345310	52345463
ENSG00000238523	10	52350412	52350472
ENSG00000165862	10	118380465	118404654
ENSG00000122378	10	82167585	82192753
ENSG00000138162	10	123748689	124014060
ENSG00000151033	10	30900718	30918691
ENSG00000165606	10	50572237	50603497
ENSG00000238472	10	101779351	101779456
ENSG00000204021	10	90484301	90512543
ENSG00000232230	10	101874174	101874980
ENSG00000270623	10	101902822	101903752
ENSG00000225830	10	50663414	50747584
ENSG00000236308	10	101949793	101950504
ENSG00000227492	10	101989424	101993757
ENSG00000212464	10	101996913	101997059
ENSG00000165863	10	118423207	118429775
ENSG00000230224	10	102008028	102008852
ENSG00000207362	10	102018328	102018434
ENSG00000231188	10	102095320	102106147
ENSG00000183621	10	31109136	31320866
ENSG00000256545	10	102121397	102123376
ENSG00000235823	10	102133372	102143125
ENSG00000212325	10	102158109	102158203
ENSG00000273030	10	102172691	102173178
ENSG00000222072	10	102666931	102667037
ENSG00000272572	10	102670860	102672496
ENSG00000273476	10	102727445	102727892
ENSG00000165868	10	118430703	118502085
ENSG00000138316	10	72432559	72522197
ENSG00000207551	10	102734742	102734841
ENSG00000236662	10	102740264	102745371
ENSG00000198546	10	135121979	135166033
ENSG00000273162	10	102819786	102820762
ENSG00000226740	10	102896232	102899468
ENSG00000237579	10	102936080	102953904
ENSG00000270973	10	102940901	102941708
ENSG00000166197	10	103911933	103923627
ENSG00000227128	10	102989351	103029905
ENSG00000188316	10	118609023	118671299
ENSG00000148677	10	92671853	92681033
ENSG00000172661	10	46222648	46288409
ENSG00000203780	10	127585108	127698161
ENSG00000166220	10	72530995	72545157
ENSG00000187164	10	118643742	118886097
ENSG00000230036	10	52365750	52365953
ENSG00000204020	10	90521163	90537999
ENSG00000226200	10	52384711	52401211
ENSG00000231588	10	52389292	52390835
ENSG00000231345	10	52415727	52420232
ENSG00000232706	10	52436503	52446086
ENSG00000226168	10	52455352	52455741
ENSG00000230011	10	52465140	52468666
ENSG00000243251	10	50723151	50747086
ENSG00000213667	10	52486707	52487729
ENSG00000229649	10	103012578	103023307
ENSG00000229711	10	52582452	52584285
ENSG00000252844	10	103027694	103027765
ENSG00000222238	10	103067286	103067475
ENSG00000236944	10	52722753	52723118
ENSG00000225208	10	103070775	103071262
ENSG00000261368	10	52724030	52724980
ENSG00000230967	10	103082242	103083151
ENSG00000223502	10	52822339	52828313
ENSG00000166224	10	72575717	72640930
ENSG00000222414	10	103124602	103124792
ENSG00000239091	10	103131609	103131709
ENSG00000258838	10	50723247	50747584
ENSG00000263436	10	103361174	103361254
ENSG00000173239	10	90562487	90580303
ENSG00000108219	10	82213922	82292879
ENSG00000180628	10	92979908	93044088
ENSG00000173145	10	96075004	96122716
ENSG00000231132	10	53004654	53005566
ENSG00000266591	10	53025085	53025212
ENSG00000207813	10	53059333	53059415
ENSG00000235279	10	53062326	53066469
ENSG00000213659	10	53079586	53080420
ENSG00000216022	10	53399503	53399592
ENSG00000236671	10	53990502	54073888
ENSG00000166228	10	72642037	72648541
ENSG00000213657	10	54148872	54149248
ENSG00000148516	10	31607424	31818742
ENSG00000227972	10	54170895	54173252
ENSG00000231131	10	54210634	54230293
ENSG00000228651	10	54316462	54515169
ENSG00000201196	10	54612367	54612463
ENSG00000227121	10	54733248	54735575
ENSG00000222051	10	103382616	103382722
ENSG00000224817	10	103464409	103468158
ENSG00000226009	10	103578835	103588536
ENSG00000222430	10	103712362	103712461
ENSG00000224302	10	103845233	103845487
ENSG00000229629	10	103849725	103849819
ENSG00000130643	10	135138927	135150475
ENSG00000253068	10	103862019	103862089
ENSG00000251989	10	104020987	104021063
ENSG00000202569	10	104196269	104196341
ENSG00000269609	10	104209574	104220863
ENSG00000107731	10	72972327	73062621
ENSG00000165828	10	135160650	135166187
ENSG00000119915	10	103986085	103989346
ENSG00000070748	10	50817141	50901925
ENSG00000107859	10	103989943	104001231
ENSG00000165338	10	93170096	93274586
ENSG00000231399	10	54798045	54798304
ENSG00000226296	10	55050832	55070825
ENSG00000252161	10	55217957	55218048
ENSG00000233805	10	55526160	55526374
ENSG00000263921	10	56107723	56107774
ENSG00000252252	10	56212183	56212271
ENSG00000234173	10	56245990	56415811
ENSG00000224697	10	56359438	56360443
ENSG00000107862	10	104005289	104142656
ENSG00000221594	10	56367634	56367717
ENSG00000273262	10	104242796	104243316
ENSG00000236958	10	56624434	56628882
ENSG00000242311	10	104285722	104286001
ENSG00000236744	10	57007515	57356993
ENSG00000228657	10	104332514	104332982
ENSG00000223800	10	57228087	57228982
ENSG00000207029	10	104351281	104351387
ENSG00000228048	10	57265979	57272977
ENSG00000238355	10	57327499	57327602
ENSG00000236993	10	57427101	57428110
ENSG00000270541	10	57506311	57506668
ENSG00000238707	10	58355723	58355791
ENSG00000264747	10	59064239	59064319
ENSG00000235810	10	59272917	59273185
ENSG00000223841	10	59715055	59716938
ENSG00000148803	10	135168658	135171529
ENSG00000270192	10	59742045	59742753
ENSG00000232115	10	59866184	59866640
ENSG00000180221	10	59972302	59972797
ENSG00000238970	10	59998418	59998521
ENSG00000228527	10	60064313	60065381
ENSG00000261076	10	60085374	60086790
ENSG00000183055	10	60475314	60476017
ENSG00000252076	10	60628944	60629288
ENSG00000237949	10	60759386	60761303
ENSG00000226888	10	60848461	60848799
ENSG00000272933	10	104402549	104403897
ENSG00000252994	10	104563686	104563788
ENSG00000203886	10	104592478	104594273
ENSG00000213061	10	104597768	104605230
ENSG00000236937	10	104605352	104605707
ENSG00000201080	10	104628178	104628276
ENSG00000235266	10	104647631	104647945
ENSG00000272912	10	104674342	104675161
ENSG00000237827	10	104884774	104885173
ENSG00000213277	10	104935311	104935851
ENSG00000127884	10	135175984	135187193
ENSG00000107890	10	27280843	27389421
ENSG00000198246	10	73079015	73123142
ENSG00000229256	10	104975466	104976557
ENSG00000212413	10	105072193	105072325
ENSG00000221767	10	105154010	105154158
ENSG00000273485	10	105209953	105210609
ENSG00000234699	10	105212603	105222452
ENSG00000107736	10	73156691	73575702
ENSG00000148832	10	135192695	135205198
ENSG00000148848	10	127700950	128077024
ENSG00000226557	10	60896385	60897942
ENSG00000236556	10	61041907	61042595
ENSG00000235469	10	61311162	61311636
ENSG00000235140	10	61348908	61371006
ENSG00000227877	10	61496753	61513203
ENSG00000165632	10	7860467	8058590
ENSG00000187714	10	50818347	50820765
ENSG00000178645	10	50887697	50918307
ENSG00000178217	10	82297658	82406316
ENSG00000108239	10	96162261	96295687
ENSG00000232682	10	61815632	61820501
ENSG00000202190	10	61841499	61841612
ENSG00000122872	10	62444263	62444967
ENSG00000254271	10	62494100	62501586
ENSG00000223107	10	62672523	62672685
ENSG00000227244	10	62776033	62786178
ENSG00000237233	10	63212397	63241714
ENSG00000272592	10	63444650	63445146
ENSG00000233643	10	63541503	63581004
ENSG00000221272	10	63686695	63686777
ENSG00000221094	10	63875974	63876060
ENSG00000197444	10	50942689	50970425
ENSG00000234756	10	64049280	64063792
ENSG00000240940	10	64109768	64110048
ENSG00000263920	10	64417945	64418012
ENSG00000234489	10	64500968	64501145
ENSG00000238280	10	64553322	64565647
ENSG00000199446	10	64869899	64870006
ENSG00000224301	10	64883698	64885297
ENSG00000234369	10	64981915	64982805
ENSG00000270421	10	65118505	65118864
ENSG00000221063	10	65132717	65132808
ENSG00000235816	10	65187057	65187713
ENSG00000272767	10	65224989	65226323
ENSG00000224412	10	65249221	65249398
ENSG00000232075	10	65394077	65394587
ENSG00000270352	10	65417834	65418281
ENSG00000228566	10	65424424	65750328
ENSG00000185737	10	83635070	84746935
ENSG00000235470	10	105239360	105277150
ENSG00000226431	10	105308832	105310721
ENSG00000273108	10	105368376	105369807
ENSG00000222503	10	105432916	105433023
ENSG00000260461	10	105637132	105639519
ENSG00000266754	10	105734277	105734572
ENSG00000216083	10	105807847	105807944
ENSG00000119938	10	93388199	93392811
ENSG00000107485	10	8095567	8117161
ENSG00000077150	10	104153867	104162281
ENSG00000107854	10	93558069	93625033
ENSG00000148704	10	118888032	118897812
ENSG00000186795	10	118957000	118969810
ENSG00000165646	10	119000604	119038941
ENSG00000208033	10	105978547	105978641
ENSG00000266852	10	106028080	106028177
ENSG00000154493	10	128113566	128359079
ENSG00000270075	10	106071899	106073639
ENSG00000228261	10	106083127	106086762
ENSG00000119969	10	96305547	96373662
ENSG00000231233	10	106111349	106113333
ENSG00000238620	10	106159563	106159661
ENSG00000225768	10	106234697	106240032
ENSG00000237761	10	106375860	106376731
ENSG00000226387	10	106424366	106425958
ENSG00000207068	10	107294417	107294523
ENSG00000233477	10	107445141	107445623
ENSG00000213260	10	107446080	107446809
ENSG00000229466	10	107568533	107578955
ENSG00000229775	10	107900022	107948480
ENSG00000215002	10	108309864	108310879
ENSG00000200626	10	108729779	108729908
ENSG00000200079	10	109221318	109221427
ENSG00000229981	10	109517591	109871360
ENSG00000213609	10	65662211	65663005
ENSG00000226426	10	65796105	65797040
ENSG00000235489	10	65928715	65930611
ENSG00000227345	10	51026325	51130715
ENSG00000174196	10	51187938	51192032
ENSG00000174194	10	51224681	51371321
ENSG00000233900	10	66380131	66380679
ENSG00000270648	10	66522640	66522929
ENSG00000216740	10	66585329	66586336
ENSG00000224714	10	66660894	66684276
ENSG00000270754	10	66814218	66814761
ENSG00000227173	10	66929196	66929627
ENSG00000233724	10	67007790	67008550
ENSG00000136758	10	27399383	27444195
ENSG00000268882	10	135192720	135193102
ENSG00000254536	10	135204338	135233999
ENSG00000204152	10	51371390	51387768
ENSG00000148824	10	135207598	135234811
ENSG00000235356	10	67073543	67074728
ENSG00000228065	10	67330096	67526299
ENSG00000253012	10	67469818	67469902
ENSG00000273360	10	67839001	67878084
ENSG00000252203	10	68254457	68254557
ENSG00000239000	10	68374995	68375096
ENSG00000225299	10	68812367	68814786
ENSG00000226448	10	69093881	69094640
ENSG00000165678	10	85899196	85913001
ENSG00000234544	10	110055857	110056290
ENSG00000203434	10	110307733	110321573
ENSG00000223381	10	110470276	110599121
ENSG00000224498	10	110607944	110609319
ENSG00000222436	10	110700727	110701068
ENSG00000252574	10	110944651	110944765
ENSG00000200217	10	110999397	110999504
ENSG00000232728	10	111287877	111288766
ENSG00000237242	10	111294413	111294748
ENSG00000270333	10	111421572	111421808
ENSG00000270294	10	111440200	111440799
ENSG00000224907	10	111567409	111567887
ENSG00000272160	10	111629616	111629750
ENSG00000263706	10	111764012	111764315
ENSG00000226734	10	111898972	111899184
ENSG00000228417	10	111967608	111968349
ENSG00000214067	10	112016822	112017601
ENSG00000273143	10	112188598	112255962
ENSG00000165650	10	119040000	119134978
ENSG00000221359	10	112193999	112194143
ENSG00000237642	10	112210387	112210998
ENSG00000174721	10	93666346	93669240
ENSG00000264544	10	112235255	112235352
ENSG00000233518	10	112309873	112310612
ENSG00000213606	10	69510042	69510983
ENSG00000239125	10	112336118	112336219
ENSG00000263919	10	112393589	112393883
ENSG00000225922	10	69553528	69554003
ENSG00000223302	10	112402436	112402543
ENSG00000252036	10	112516214	112516481
ENSG00000212520	10	69568260	69568366
ENSG00000199364	10	112520900	112521000
ENSG00000239942	10	69585068	69585358
ENSG00000232470	10	112629501	112631352
ENSG00000237141	10	69593521	69593839
ENSG00000272892	10	69609283	69610504
ENSG00000203497	10	112629626	112631991
ENSG00000219932	10	69634090	69634672
ENSG00000265827	10	112657848	112657913
ENSG00000270589	10	112670354	112672002
ENSG00000226318	10	69720459	69721221
ENSG00000221159	10	69730030	69730126
ENSG00000266467	10	69767477	69767774
ENSG00000236375	10	69769962	69770619
ENSG00000150760	10	128593978	129250781
ENSG00000170370	10	119301955	119309056
ENSG00000203772	10	135234170	135382916
ENSG00000234118	10	112696380	112696991
ENSG00000130649	10	135333910	135374724
ENSG00000221214	10	112748684	112748771
ENSG00000213247	10	112864714	112865006
ENSG00000237618	10	113082536	113083155
ENSG00000227851	10	113109697	113111861
ENSG00000230809	10	113257949	113258699
ENSG00000107560	10	119764427	119806114
ENSG00000243316	10	114067939	114116332
ENSG00000222371	10	69917836	69918165
ENSG00000233590	10	69993008	70002136
ENSG00000234102	10	70020314	70021256
ENSG00000165322	10	32094365	32217742
ENSG00000059915	10	104162376	104181296
ENSG00000204169	10	51464162	51486327
ENSG00000234806	10	70184317	70184754
ENSG00000199638	10	70221164	70221282
ENSG00000226493	10	70259289	70259725
ENSG00000165669	10	120065401	120101840
ENSG00000207438	10	70262909	70263016
ENSG00000214881	10	70304246	70304590
ENSG00000213025	10	70392128	70392484
ENSG00000227583	10	70434113	70434857
ENSG00000260400	10	70458257	70460551
ENSG00000251926	10	70472715	70472835
ENSG00000270494	10	70477068	70477552
ENSG00000195401	10	70495477	70495580
ENSG00000221182	10	70514929	70514995
ENSG00000221184	10	70519075	70519171
ENSG00000200218	10	70606561	70606667
ENSG00000206855	10	70671409	70671515
ENSG00000138294	10	51549498	51562517
ENSG00000188916	10	128933694	128994422
ENSG00000266122	10	70725772	70726075
ENSG00000214875	10	70750893	70751463
ENSG00000229001	10	70782534	70783622
ENSG00000107872	10	104178946	104182893
ENSG00000233163	10	70921286	70921662
ENSG00000229261	10	70975089	70992246
ENSG00000231748	10	71025098	71027904
ENSG00000229197	10	71060188	71060573
ENSG00000119973	10	120352916	120355160
ENSG00000188373	10	85933494	85945050
ENSG00000151893	10	120433679	120514761
ENSG00000148600	10	85954410	85979377
ENSG00000138293	10	51565108	51590734
ENSG00000232934	10	114165977	114169252
ENSG00000270599	10	114172053	114179765
ENSG00000234017	10	114308391	114308631
ENSG00000264763	10	114393929	114394013
ENSG00000151208	10	79550549	79686378
ENSG00000048740	10	11047259	11378674
ENSG00000107874	10	104183002	104192418
ENSG00000221774	10	71123311	71123397
ENSG00000232734	10	71192728	71193127
ENSG00000233197	10	71283067	71283406
ENSG00000236154	10	71335563	71336910
ENSG00000230755	10	71349636	71350111
ENSG00000235803	10	71350339	71351018
ENSG00000235524	10	71351162	71352687
ENSG00000268925	10	135341026	135342661
ENSG00000171772	10	135367404	135382876
ENSG00000231152	10	71353797	71354688
ENSG00000226794	10	71355243	71356192
ENSG00000138152	10	124030821	124097677
ENSG00000188613	10	120789228	120793854
ENSG00000233340	10	114431571	114437578
ENSG00000260917	10	114583249	114587485
ENSG00000225292	10	114648494	114665870
ENSG00000233547	10	114710405	114711634
ENSG00000227560	10	114747235	114747624
ENSG00000238380	10	115113184	115113243
ENSG00000230018	10	115242375	115242872
ENSG00000234393	10	115470440	115479091
ENSG00000212589	10	115580218	115580349
ENSG00000253066	10	115871173	115871276
ENSG00000226582	10	115876906	115877310
ENSG00000238742	10	115933864	115933938
ENSG00000170759	10	32297938	32345359
ENSG00000230165	10	116005833	116006473
ENSG00000242912	10	116183531	116183826
ENSG00000229668	10	116261756	116262106
ENSG00000238577	10	116416269	116416353
ENSG00000228169	10	116449902	116450393
ENSG00000107581	10	120794356	120840316
ENSG00000228484	10	116524547	116539662
ENSG00000215760	10	116569134	116570929
ENSG00000226428	10	116660481	116661125
ENSG00000252611	10	116729219	116729327
ENSG00000236799	10	116754416	116756352
ENSG00000120055	10	104209594	104211300
ENSG00000270965	10	117579353	117579998
ENSG00000205433	10	118168768	118168987
ENSG00000225899	10	135437399	135440299
ENSG00000227096	10	118198980	118199556
ENSG00000200935	10	118297695	118297788
ENSG00000232091	10	118336820	118342829
ENSG00000138111	10	104221149	104236802
ENSG00000237297	10	90652	92824
ENSG00000232420	10	126334	132205
ENSG00000212331	10	200771	200883
ENSG00000264248	10	323124	323248
ENSG00000201861	10	327955	328065
ENSG00000239822	10	476181	476444
ENSG00000233021	10	483501	487110
ENSG00000225140	10	674578	677195
ENSG00000263511	10	687629	687718
ENSG00000108094	10	35297479	35379570
ENSG00000242357	10	709498	712562
ENSG00000272992	10	714400	715521
ENSG00000232767	10	118429614	118432250
ENSG00000228195	10	118509416	118510772
ENSG00000225302	10	118592512	118609716
ENSG00000214688	10	73471458	73497581
ENSG00000235742	10	118783185	118783362
ENSG00000234474	10	118918167	118928570
ENSG00000266782	10	118927189	118927285
ENSG00000236171	10	118955679	118956165
ENSG00000225936	10	118999111	119001434
ENSG00000107738	10	73507316	73533255
ENSG00000107679	10	124134212	124191867
ENSG00000138297	10	51592080	51623365
ENSG00000230469	10	71538718	71539594
ENSG00000222631	10	71572451	71572541
ENSG00000266082	10	71618970	71619055
ENSG00000224222	10	71754382	71767592
ENSG00000229097	10	71923441	71923880
ENSG00000232142	10	71958744	71958995
ENSG00000224725	10	72149182	72150382
ENSG00000230661	10	72245092	72246081
ENSG00000231366	10	72553986	72554279
ENSG00000237998	10	72625245	72626128
ENSG00000271409	10	72689682	72691814
ENSG00000259267	10	72698810	72715398
ENSG00000216004	10	72975557	72975628
ENSG00000231601	10	789932	790898
ENSG00000237512	10	72976981	72977985
ENSG00000229869	10	978966	988683
ENSG00000232656	10	1068606	1090138
ENSG00000238918	10	73085085	73085188
ENSG00000223817	10	73267910	73271630
ENSG00000238446	10	73604492	73604551
ENSG00000230526	10	73638114	73638865
ENSG00000272988	10	73813052	73813795
ENSG00000200294	10	73940616	73940747
ENSG00000226701	10	73949699	73950334
ENSG00000200170	10	73980510	73980610
ENSG00000269926	10	74034673	74035738
ENSG00000202513	10	74151722	74151827
ENSG00000226163	10	74261504	74262714
ENSG00000230609	10	74320022	74320214
ENSG00000238766	10	74336482	74336553
ENSG00000272536	10	74342561	74342842
ENSG00000231471	10	74396255	74396523
ENSG00000238215	10	74402769	74404408
ENSG00000204033	10	85980254	85985345
ENSG00000238924	10	1088233	1088295
ENSG00000229205	10	1205708	1210612
ENSG00000201881	10	74413923	74414034
ENSG00000148602	10	85991349	86001217
ENSG00000233052	10	1403196	1403832
ENSG00000266719	10	74480787	74480858
ENSG00000272627	10	74526318	74526810
ENSG00000205696	10	1568832	1599179
ENSG00000215086	10	74677399	74678292
ENSG00000148604	10	86004809	86019716
ENSG00000213700	10	74765591	74766353
ENSG00000234962	10	2047667	2056542
ENSG00000232646	10	74824884	74825225
ENSG00000237768	10	74831053	74833766
ENSG00000201047	10	74842252	74842353
ENSG00000272630	10	74857802	74861055
ENSG00000226694	10	2114039	2123291
ENSG00000252998	10	2140361	2140463
ENSG00000227912	10	2208526	2211654
ENSG00000231326	10	2211334	2231668
ENSG00000212156	10	2241581	2241682
ENSG00000234556	10	2347277	2357269
ENSG00000234170	10	2488447	2489546
ENSG00000120539	10	27443753	27475853
ENSG00000197746	10	73576055	73611126
ENSG00000254636	10	124214169	124216868
ENSG00000272599	10	74884331	74885163
ENSG00000138107	10	104238986	104262482
ENSG00000166033	10	124221041	124274424
ENSG00000264261	10	2495329	2495418
ENSG00000237500	10	2541913	2542762
ENSG00000235281	10	2543975	2609431
ENSG00000231743	10	2978213	2978633
ENSG00000234182	10	3052723	3055303
ENSG00000273001	10	3107616	3108193
ENSG00000237399	10	3183824	3210164
ENSG00000236968	10	3266008	3269599
ENSG00000226762	10	3282563	3299402
ENSG00000227338	10	3308195	3309207
ENSG00000233321	10	3529086	3545030
ENSG00000204149	10	51748078	51770259
ENSG00000236892	10	3574286	3579223
ENSG00000229672	10	3793259	3805418
ENSG00000228353	10	3810107	3810943
ENSG00000099290	10	51827648	51893269
ENSG00000230573	10	3876142	3876920
ENSG00000226005	10	3976711	3978005
ENSG00000227101	10	4067132	4070586
ENSG00000236990	10	4093918	4131205
ENSG00000233117	10	4243333	4286104
ENSG00000224382	10	4426438	4452804
ENSG00000230096	10	4457497	4468371
ENSG00000207124	10	4557144	4557249
ENSG00000231298	10	4692377	4720346
ENSG00000225269	10	4697619	4704611
ENSG00000119979	10	120863598	120897496
ENSG00000151631	10	4914093	4934167
ENSG00000107771	10	86088342	86278273
ENSG00000107882	10	104263744	104393292
ENSG00000107897	10	27484146	27531059
ENSG00000095794	10	35415719	35501886
ENSG00000108242	10	96443251	96495947
ENSG00000165841	10	96447911	96613017
ENSG00000187908	10	124320181	124403252
ENSG00000171206	10	104404253	104418164
ENSG00000122863	10	73724123	73773322
ENSG00000107742	10	73818793	73848790
ENSG00000183605	10	120900279	120925179
ENSG00000138109	10	96698415	96749147
ENSG00000188611	10	51942538	52008370
ENSG00000138303	10	73856278	73976892
ENSG00000138115	10	96796530	96829254
ENSG00000138175	10	104433488	104474164
ENSG00000231122	10	46310876	46313036
ENSG00000148429	10	11495945	11653753
ENSG00000156398	10	104474295	104503249
ENSG00000188234	10	46321042	46349323
ENSG00000198964	10	52065360	52384923
ENSG00000165672	10	120927215	120938345
ENSG00000238840	10	5004628	5004760
ENSG00000224251	10	5037680	5039572
ENSG00000239148	10	5046902	5047034
ENSG00000251740	10	5090055	5090173
ENSG00000237831	10	5091004	5093862
ENSG00000239142	10	5135600	5135735
ENSG00000225418	10	5164279	5177418
ENSG00000251909	10	5237847	5237936
ENSG00000228291	10	5249132	5249705
ENSG00000231039	10	5276321	5305371
ENSG00000224034	10	5307996	5313199
ENSG00000166295	10	73975787	73995618
ENSG00000215267	10	5317136	5330433
ENSG00000204179	10	46549955	46641045
ENSG00000223987	10	5346394	5346828
ENSG00000205488	10	5556207	5568209
ENSG00000256462	10	5566939	5567705
ENSG00000242147	10	5636954	5638081
ENSG00000231483	10	5650438	5652756
ENSG00000228951	10	5658825	5660124
ENSG00000228685	10	5666894	5667089
ENSG00000240577	10	5673426	5673716
ENSG00000226647	10	5754137	5786030
ENSG00000270427	10	5818034	5818821
ENSG00000272764	10	5855948	5856404
ENSG00000240180	10	5903768	5904557
ENSG00000232807	10	5976233	5987863
ENSG00000251922	10	6059017	6059157
ENSG00000229664	10	6067941	6078390
ENSG00000214015	10	6113477	6113881
ENSG00000201581	10	6191586	6191903
ENSG00000263628	10	6194159	6194240
ENSG00000173124	10	96953957	96988685
ENSG00000213994	10	6239575	6244656
ENSG00000238366	10	6287694	6287794
ENSG00000215244	10	6319650	6377944
ENSG00000226705	10	6335063	6336647
ENSG00000237943	10	6622381	6658414
ENSG00000225948	10	6660678	6667308
ENSG00000223784	10	6779344	6780988
ENSG00000238266	10	6821560	6884868
ENSG00000168209	10	74033678	74035794
ENSG00000227821	10	6867825	6868186
ENSG00000234248	10	6933419	6962434
ENSG00000223581	10	7139114	7139637
ENSG00000270811	10	7196082	7196198
ENSG00000235141	10	7337068	7337252
ENSG00000232591	10	7487520	7513904
ENSG00000207453	10	7528665	7528771
ENSG00000230121	10	7575169	7578527
ENSG00000233990	10	7875581	7875920
ENSG00000166272	10	104503727	104576021
ENSG00000269165	10	52094298	52095876
ENSG00000269700	10	52152766	52154321
ENSG00000148795	10	104590288	104597290
ENSG00000148719	10	74092588	74114988
ENSG00000204147	10	52499078	52576255
ENSG00000166275	10	104613980	104624718
ENSG00000148584	10	52559169	52645435
ENSG00000107438	10	96997329	97050781
ENSG00000197308	10	8092413	8095447
ENSG00000232638	10	8093504	8095047
ENSG00000243350	10	8094205	8095412
ENSG00000225053	10	8203223	8204155
ENSG00000232170	10	8301294	8310268
ENSG00000226861	10	8340860	8343630
ENSG00000226990	10	8442823	8503826
ENSG00000270316	10	104614029	104661656
ENSG00000214435	10	104629273	104661656
ENSG00000198873	10	120967101	121215131
ENSG00000271251	10	8514682	8514915
ENSG00000213771	10	8555650	8557069
ENSG00000236420	10	8661896	8662571
ENSG00000212505	10	8698679	8698794
ENSG00000270234	10	8765973	8766251
ENSG00000134463	10	11784365	11806069
ENSG00000234752	10	8939952	8956559
ENSG00000223808	10	9012088	9015431
ENSG00000230014	10	9317796	9329020
ENSG00000235838	10	9763926	9766379
ENSG00000228636	10	9800746	9801200
ENSG00000224788	10	10100685	10105465
ENSG00000229919	10	10216193	10216540
ENSG00000200849	10	10274574	10274675
ENSG00000272436	10	10299132	10299429
ENSG00000234306	10	10407143	10408450
ENSG00000270111	10	10461501	10504312
ENSG00000228997	10	10818186	10818624
ENSG00000225383	10	10826400	10836943
ENSG00000185532	10	52750945	54058110
ENSG00000148842	10	104678050	104849978
ENSG00000148908	10	121259340	121302220
ENSG00000107745	10	74127098	74385899
ENSG00000183559	10	124457225	124459338
ENSG00000138161	10	124591665	124639146
ENSG00000076685	10	104845940	104953056
ENSG00000148426	10	11865338	11914276
ENSG00000229240	10	10969021	10994197
ENSG00000231496	10	11002114	11012779
ENSG00000228027	10	11052127	11053082
ENSG00000229206	10	11072297	11072831
ENSG00000237986	10	11117094	11140436
ENSG00000230322	10	11210885	11213339
ENSG00000181800	10	11358797	11361847
ENSG00000271360	10	11653304	11654226
ENSG00000271046	10	11721674	11722513
ENSG00000225778	10	11891612	11936699
ENSG00000251957	10	11965180	11965287
ENSG00000095637	10	97071528	97321171
ENSG00000204176	10	46955444	46971400
ENSG00000272507	10	12158279	12158378
ENSG00000151461	10	11962021	12085169
ENSG00000204175	10	46994087	47005643
ENSG00000204174	10	47083534	47088320
ENSG00000177613	10	53455247	53459355
ENSG00000107984	10	54074056	54077802
ENSG00000165471	10	54525140	54531460
ENSG00000265653	10	12172759	12172815
ENSG00000238900	10	12187662	12187765
ENSG00000228302	10	12286750	12289844
ENSG00000265824	10	12303670	12303926
ENSG00000264036	10	12370135	12370388
ENSG00000252438	10	12457927	12457999
ENSG00000252118	10	12498482	12498630
ENSG00000263584	10	12620752	12620822
ENSG00000221331	10	12767253	12767352
ENSG00000212499	10	12966679	12966785
ENSG00000225251	10	13099902	13100676
ENSG00000235763	10	13146574	13146793
ENSG00000234175	10	13181196	13181533
ENSG00000228330	10	13184185	13184977
ENSG00000203414	10	13198684	13200136
ENSG00000237540	10	13201477	13201777
ENSG00000272055	10	13259269	13259375
ENSG00000233256	10	13457202	13465133
ENSG00000202508	10	13553206	13553313
ENSG00000227175	10	13570516	13572262
ENSG00000227474	10	13633460	13634323
ENSG00000273474	10	13717646	13717990
ENSG00000268549	10	13724521	13726874
ENSG00000222235	10	13746978	13747072
ENSG00000225112	10	13752415	13754054
ENSG00000199407	10	13769796	13769916
ENSG00000234091	10	13771383	13798200
ENSG00000215227	10	13912797	13913175
ENSG00000229751	10	14033815	14049525
ENSG00000235410	10	14116283	14129604
ENSG00000266321	10	14425199	14425276
ENSG00000221371	10	14478575	14478660
ENSG00000236495	10	14694741	14703690
ENSG00000201766	10	14705394	14705493
ENSG00000237032	10	14765170	14766054
ENSG00000272853	10	14919687	14920685
ENSG00000235623	10	15028941	15029514
ENSG00000228547	10	15041049	15042054
ENSG00000182531	10	15049860	15050883
ENSG00000237470	10	15057071	15130775
ENSG00000228312	10	15135262	15135610
ENSG00000206448	10	15196801	15197319
ENSG00000228181	10	15213035	15213277
ENSG00000232739	10	15279491	15283766
ENSG00000239130	10	15928357	15928464
ENSG00000252537	10	16047807	16047922
ENSG00000237913	10	16113415	16113808
ENSG00000201260	10	16249820	16249926
ENSG00000226140	10	16320700	16337857
ENSG00000238552	10	16440654	16440758
ENSG00000223156	10	16518002	16518163
ENSG00000225213	10	16763351	16790376
ENSG00000273153	10	17179335	17179584
ENSG00000229124	10	17256238	17271984
ENSG00000234961	10	17275324	17276832
ENSG00000204832	10	17428935	17455502
ENSG00000251803	10	17445507	17445619
ENSG00000236582	10	17619361	17620211
ENSG00000260589	10	17683283	17685877
ENSG00000251959	10	17721187	17721296
ENSG00000229190	10	17737708	17742231
ENSG00000207937	10	17887107	17887193
ENSG00000207938	10	18134036	18134122
ENSG00000235637	10	18151816	18154400
ENSG00000226083	10	18290715	18299491
ENSG00000235020	10	18523097	18550123
ENSG00000240291	10	18802044	18834580
ENSG00000225527	10	18820778	18822265
ENSG00000150165	10	47157983	47174093
ENSG00000235376	10	105005644	105007773
ENSG00000156026	10	74451889	74647452
ENSG00000148798	10	105036920	105050108
ENSG00000156374	10	105062553	105110891
ENSG00000152487	10	18940195	18948214
ENSG00000225509	10	19024674	19027560
ENSG00000234244	10	19035362	19036782
ENSG00000234813	10	19229430	19229882
ENSG00000226255	10	19340384	19341099
ENSG00000227734	10	19579152	19580409
ENSG00000239539	10	19778030	19778329
ENSG00000236960	10	19780001	19780228
ENSG00000200545	10	19887176	19887391
ENSG00000252001	10	19922612	19922741
ENSG00000233968	10	19999257	20017479
ENSG00000189090	10	47177204	47181681
ENSG00000230818	10	20036752	20037550
ENSG00000212072	10	20072486	20072589
ENSG00000252832	10	20081927	20082030
ENSG00000238246	10	20359734	20380713
ENSG00000228339	10	20638978	20640029
ENSG00000270727	10	20836100	20836351
ENSG00000265372	10	20840899	20840975
ENSG00000235940	10	21093222	21093506
ENSG00000150275	10	55562531	57387702
ENSG00000148835	10	105127724	105148822
ENSG00000138315	10	74653339	74692791
ENSG00000204172	10	47191844	47239738
ENSG00000198250	10	47657581	47701443
ENSG00000138308	10	74694928	74714536
ENSG00000122884	10	74766975	74856732
ENSG00000230112	10	21130304	21130489
ENSG00000228753	10	21317928	21319721
ENSG00000228219	10	21399611	21402317
ENSG00000231920	10	21462943	21463977
ENSG00000228860	10	21506820	21507208
ENSG00000232853	10	21536681	21537024
ENSG00000207264	10	21610890	21610996
ENSG00000230109	10	21629162	21661879
ENSG00000231553	10	21682962	21683521
ENSG00000199222	10	21770645	21770746
ENSG00000251749	10	21774567	21774666
ENSG00000222071	10	21785491	21785570
ENSG00000207347	10	21853400	21853506
ENSG00000223984	10	21913521	21915215
ENSG00000201390	10	21950564	21950670
ENSG00000252634	10	22074221	22074516
ENSG00000203471	10	22183277	22183445
ENSG00000201364	10	22222072	22222367
ENSG00000232497	10	22451921	22454723
ENSG00000173915	10	105148798	105156223
ENSG00000148843	10	105156405	105206049
ENSG00000236777	10	22452021	22453235
ENSG00000260205	10	22507003	22510097
ENSG00000227462	10	22514627	22514953
ENSG00000186807	10	47746936	47763041
ENSG00000261671	10	22546715	22547477
ENSG00000233318	10	22555920	22556275
ENSG00000272516	10	22621333	22621916
ENSG00000271981	10	22621516	22621910
ENSG00000272366	10	22629306	22629544
ENSG00000233451	10	22650101	22701996
ENSG00000206842	10	23076322	23076428
ENSG00000223131	10	23286184	23286287
ENSG00000221221	10	23363312	23363407
ENSG00000229932	10	23425852	23426590
ENSG00000252049	10	23455914	23456030
ENSG00000227537	10	23547140	23547474
ENSG00000224215	10	23632886	23634110
ENSG00000264574	10	23682334	23682396
ENSG00000238515	10	23688460	23688528
ENSG00000223928	10	24446764	24447710
ENSG00000207930	10	24564614	24564710
ENSG00000199535	10	24929095	24929213
ENSG00000228667	10	25156574	25157119
ENSG00000240294	10	25197451	25197741
ENSG00000273107	10	25242170	25242442
ENSG00000266069	10	25380385	25380483
ENSG00000231422	10	25401987	25450165
ENSG00000233642	10	25447001	25465205
ENSG00000222543	10	25682486	25682773
ENSG00000227465	10	25936499	25937033
ENSG00000271563	10	25980466	25981252
ENSG00000223019	10	26102740	26102846
ENSG00000251711	10	26108292	26108355
ENSG00000226304	10	26213377	26222639
ENSG00000199733	10	26798518	26798633
ENSG00000236894	10	26866605	26868024
ENSG00000233261	10	26878794	26883253
ENSG00000181192	10	12110971	12165224
ENSG00000234296	10	26932157	26933945
ENSG00000231976	10	26932098	26942383
ENSG00000166321	10	74870217	74891586
ENSG00000227932	10	26953135	26965088
ENSG00000234788	10	27003551	27004761
ENSG00000235843	10	27006564	27007707
ENSG00000223027	10	27077946	27078086
ENSG00000206605	10	27079469	27079575
ENSG00000238414	10	27157094	27157193
ENSG00000232224	10	27220135	27230930
ENSG00000236983	10	27232252	27233347
ENSG00000199855	10	27377250	27377356
ENSG00000252639	10	27482287	27482429
ENSG00000251839	10	27521184	27521245
ENSG00000263577	10	27524846	27524929
ENSG00000262412	10	27532059	27539733
ENSG00000230445	10	27535279	27548384
ENSG00000238021	10	27547691	27577753
ENSG00000200369	10	27604049	27604155
ENSG00000215409	10	27620286	27630181
ENSG00000138172	10	105206543	105212660
ENSG00000207135	10	27624430	27624536
ENSG00000260151	10	27632365	27633846
ENSG00000213770	10	27638646	27639219
ENSG00000237956	10	27667067	27667291
ENSG00000230500	10	28033715	28056723
ENSG00000065665	10	12171636	12211960
ENSG00000173876	10	92828	120103
ENSG00000251810	10	28072775	28072982
ENSG00000226016	10	28193138	28194091
ENSG00000233472	10	28288717	28338544
ENSG00000226395	10	28293631	28293861
ENSG00000222374	10	28599782	28599888
ENSG00000237746	10	28627483	28629871
ENSG00000222666	10	28696969	28697180
ENSG00000237128	10	28721937	28784742
ENSG00000224439	10	28725130	28726007
ENSG00000222705	10	28731504	28731825
ENSG00000254635	10	28811581	28821672
ENSG00000252401	10	28941559	28941684
ENSG00000231911	10	28947916	28948396
ENSG00000207483	10	28956848	28956954
ENSG00000236716	10	29032674	29033592
ENSG00000201001	10	29049628	29049732
ENSG00000185933	10	105213144	105218645
ENSG00000235824	10	29078117	29085042
ENSG00000232624	10	29081732	29097148
ENSG00000183128	10	105232561	105238997
ENSG00000271220	10	29095050	29102387
ENSG00000199402	10	29163322	29163436
ENSG00000229605	10	29187925	29188422
ENSG00000224597	10	29698331	29776674
ENSG00000215033	10	47746962	47770871
ENSG00000152726	10	47894023	47949412
ENSG00000249860	10	57358750	57360488
ENSG00000107954	10	105253736	105352309
ENSG00000122952	10	58116989	58121036
ENSG00000122882	10	74889913	74928813
ENSG00000015171	10	180405	300577
ENSG00000107957	10	105348285	105615301
ENSG00000072444	10	48001603	48055018
ENSG00000059573	10	97365696	97416463
ENSG00000151151	10	59951278	60027694
ENSG00000207612	10	29833933	29834026
ENSG00000212411	10	29864235	29864310
ENSG00000216035	10	29891193	29891275
ENSG00000225976	10	29986832	29987157
ENSG00000222092	10	30000844	30000937
ENSG00000237936	10	30179961	30180396
ENSG00000200887	10	30588498	30588602
ENSG00000230125	10	30590752	30591001
ENSG00000259994	10	30591755	30594995
ENSG00000250833	10	30642635	30646294
ENSG00000198035	10	48189612	48237508
ENSG00000197910	10	48247669	48252143
ENSG00000241621	10	30653339	30663315
ENSG00000220997	10	30653996	30654077
ENSG00000239625	10	30654962	30655247
ENSG00000214434	10	30669103	30669991
ENSG00000235679	10	30672329	30672551
ENSG00000165390	10	48255253	48279200
ENSG00000224473	10	30692126	30692705
ENSG00000213778	10	30806545	30807790
ENSG00000228800	10	30842783	30843412
ENSG00000239744	10	30844532	30844833
ENSG00000230298	10	30865628	30869111
ENSG00000230998	10	30944418	30946464
ENSG00000234814	10	30960495	31006195
ENSG00000107960	10	105642300	105677963
ENSG00000122873	10	60028818	60049346
ENSG00000072401	10	60094735	60130513
ENSG00000138286	10	74927924	75004262
ENSG00000119977	10	97423158	97453900
ENSG00000215020	10	48255279	48279199
ENSG00000165388	10	48355024	48373866
ENSG00000107618	10	48381487	48390991
ENSG00000213551	10	74943120	75008620
ENSG00000108064	10	60144782	60158981
ENSG00000065613	10	105726959	105788991
ENSG00000122870	10	60272900	60591195
ENSG00000182180	10	75006510	75012451
ENSG00000165443	10	60936350	61007534
ENSG00000156042	10	75013517	75118617
ENSG00000138185	10	97471536	97637023
ENSG00000165609	10	12207324	12238143
ENSG00000065618	10	105791044	105845760
ENSG00000151240	10	320130	735683
ENSG00000148541	10	61005890	61122939
ENSG00000180525	10	695888	711109
ENSG00000138279	10	75134859	75173834
ENSG00000107929	10	855484	977564
ENSG00000151465	10	12237964	12292588
ENSG00000270099	10	97620305	97684601
ENSG00000173088	10	97667360	97698480
ENSG00000269948	10	97709725	97744785
ENSG00000188649	10	97733786	97792441
ENSG00000165449	10	61410523	61495760
ENSG00000108091	10	61548521	61666414
ENSG00000235931	10	61715188	61720671
ENSG00000156384	10	105881816	105886143
ENSG00000269920	10	97733786	97792432
ENSG00000107443	10	97803151	97820627
ENSG00000197748	10	105889646	105992120
ENSG00000205740	10	1017097	1034281
ENSG00000151150	10	61786056	62493248
ENSG00000107937	10	1034338	1065876
ENSG00000095585	10	97951458	98031344
ENSG00000166343	10	75183339	75193319
ENSG00000107758	10	75196186	75255782
ENSG00000148377	10	1064847	1071799
ENSG00000148834	10	105995114	106027217
ENSG00000067064	10	1085848	1095110
ENSG00000065621	10	106028631	106064703
ENSG00000047056	10	1095478	1178237
ENSG00000107447	10	98064085	98098321
ENSG00000148841	10	106071894	106098162
ENSG00000170312	10	62538089	62554610
ENSG00000197430	10	98102973	98119092
ENSG00000185736	10	1228073	1779670
ENSG00000120051	10	106113522	106214848
ENSG00000183049	10	12391481	12877545
ENSG00000072422	10	62629196	62761198
ENSG00000166348	10	75257296	75385711
ENSG00000095587	10	98124363	98273675
ENSG00000067057	10	3108525	3179904
ENSG00000156395	10	106400859	107024993
ENSG00000196932	10	63166401	63213208
ENSG00000183346	10	63422719	63526524
ENSG00000150347	10	63661059	63856703
ENSG00000108018	10	108333421	108924292
ENSG00000077147	10	98277866	98347209
ENSG00000182010	10	63942794	64028466
ENSG00000138311	10	64133951	64431771
ENSG00000177791	10	75391412	75401515
ENSG00000166317	10	75404639	75423561
ENSG00000181915	10	64564516	64568238
ENSG00000122877	10	64571756	64679660
ENSG00000172650	10	75434033	75457639
ENSG00000148572	10	64893050	64914783
ENSG00000151468	10	12938627	13141652
ENSG00000108039	10	111624524	111683311
ENSG00000176986	10	75504120	75531919
ENSG00000107959	10	3179920	3215003
ENSG00000171988	10	64926981	65225722
ENSG00000123240	10	13141449	13180291
ENSG00000155629	10	98353069	98480271
ENSG00000165476	10	65281123	65384883
ENSG00000267964	10	75531935	75532378
ENSG00000196968	10	75532049	75540009
ENSG00000183230	10	67672276	69455927
ENSG00000172586	10	75541805	75543410
ENSG00000214655	10	75545340	75561551
ENSG00000198739	10	68685764	68859588
ENSG00000108176	10	69556427	69597924
ENSG00000096717	10	69644427	69678147
ENSG00000196233	10	98592017	98740800
ENSG00000148634	10	69681665	69835105
ENSG00000203876	10	111701029	111713649
ENSG00000155640	10	98741041	98745582
ENSG00000067082	10	3818188	3827473
ENSG00000148700	10	111756126	111895323
ENSG00000269891	10	98757795	99052413
ENSG00000165568	10	4828821	4890254
ENSG00000272916	10	75556272	75571409
ENSG00000166507	10	75561669	75571589
ENSG00000187122	10	98757795	98945677
ENSG00000187134	10	4934796	5025475
ENSG00000148660	10	75572259	75634343
ENSG00000119950	10	111967363	112047123
ENSG00000065328	10	13203554	13253104
ENSG00000138347	10	69865912	69971774
ENSG00000119953	10	112050488	112064709
ENSG00000179774	10	69990386	69991871
ENSG00000108187	10	70042417	70092806
ENSG00000096746	10	70090931	70102948
ENSG00000213390	10	98978996	99052413
ENSG00000165879	10	99079022	99081672
ENSG00000181274	10	99092255	99094458
ENSG00000138166	10	112257596	112271302
ENSG00000108055	10	112327449	112364394
ENSG00000052749	10	99116115	99161127
ENSG00000204130	10	70100864	70167051
ENSG00000151632	10	5029967	5060223
ENSG00000196139	10	5077546	5149878
ENSG00000196326	10	5196335	5244449
ENSG00000138346	10	70173821	70231879
ENSG00000122912	10	70237756	70287231
ENSG00000138336	10	70320413	70454239
ENSG00000060339	10	70480769	70552134
ENSG00000203867	10	112404155	112599227
ENSG00000150593	10	112631565	112659764
ENSG00000198610	10	5237425	5260912
ENSG00000224474	10	99179228	99185831
ENSG00000171314	10	99185917	99193198
ENSG00000165623	10	13263767	13276334
ENSG00000178473	10	5406972	5416169
ENSG00000165730	10	70587298	70655188
ENSG00000214413	10	112658488	112679032
ENSG00000107537	10	13319796	13344412
ENSG00000178462	10	5435061	5446793
ENSG00000107625	10	70661034	70706603
ENSG00000173848	10	5454514	5500426
ENSG00000108061	10	112679301	112773425
ENSG00000171311	10	99195899	99205774
ENSG00000178372	10	5540658	5541533
ENSG00000178363	10	5566924	5568225
ENSG00000196372	10	5680830	5708558
ENSG00000150594	10	112836790	112840658
ENSG00000108021	10	5726801	5805703
ENSG00000119927	10	113909624	113975135
ENSG00000119913	10	114043493	114064793
ENSG00000197142	10	114133776	114188138
ENSG00000057608	10	5807186	5884095
ENSG00000171307	10	99205927	99217127
ENSG00000023041	10	114190058	114206672
ENSG00000134461	10	5903580	5931869
ENSG00000151532	10	114206756	114578503
ENSG00000134452	10	5931535	5979556
ENSG00000226209	10	13350145	13350447
ENSG00000148737	10	114710009	114927437
ENSG00000155229	10	99218081	99258551
ENSG00000086475	10	13359424	13390297
ENSG00000134470	10	5990855	6020150
ENSG00000165626	10	13480484	13570974
ENSG00000148702	10	115310596	115349361
ENSG00000197893	10	115348475	115423886
ENSG00000165886	10	99258625	99330966
ENSG00000134460	10	6052652	6104288
ENSG00000165630	10	13628927	13672868
ENSG00000165887	10	99332198	99343641
ENSG00000241935	10	99344080	99372559
ENSG00000134453	10	6130950	6159420
ENSG00000155252	10	99344131	99436191
ENSG00000249967	10	99344131	99433667
ENSG00000203942	10	99349450	99350690
ENSG00000171160	10	99374310	99393344
ENSG00000119986	10	99437181	99447080
ENSG00000155254	10	99472930	99477907
ENSG00000239665	10	13652047	13710299
ENSG00000170525	10	6186881	6277495
ENSG00000155256	10	99496878	99520664
ENSG00000165806	10	115438942	115490662
ENSG00000120057	10	99526508	99531709
ENSG00000155265	10	99609996	99631337
ENSG00000148735	10	115511213	115543188
ENSG00000095713	10	99624757	99790585
ENSG00000212743	10	6392278	6394723
ENSG00000065675	10	6469105	6622263
ENSG00000269783	10	99627889	99631294
ENSG00000166024	10	99894387	100004654
ENSG00000138131	10	100007447	100028007
ENSG00000151474	10	13685706	14504141
ENSG00000119943	10	100143322	100174941
ENSG00000107521	10	100175955	100206684
ENSG00000172987	10	100218875	100995619
ENSG00000119946	10	101088856	101154087
ENSG00000120053	10	101156627	101190381
ENSG00000119919	10	101292690	101296278
ENSG00000065809	10	14560556	14816896
ENSG00000155287	10	101370282	101380366
ENSG00000198018	10	101419263	101465997
ENSG00000119929	10	101462315	101515891
ENSG00000014919	10	101471601	101491857
ENSG00000023839	10	101542489	101611949
ENSG00000185267	10	14861249	14880574
ENSG00000107554	10	101635334	101769676
ENSG00000187522	10	14880163	14913740
ENSG00000120054	10	101801950	101841634
ENSG00000107566	10	101909851	101948091
ENSG00000213341	10	101948055	101989376
ENSG00000095485	10	101992055	102027437
ENSG00000152455	10	14920819	14946314
ENSG00000196072	10	102033713	102046469
ENSG00000107593	10	102047903	102090243
ENSG00000099194	10	102106881	102124591
ENSG00000152457	10	14939358	14996431
ENSG00000075290	10	102222798	102243501
ENSG00000075826	10	102246399	102289628
ENSG00000255339	10	102265385	102289638
ENSG00000166136	10	102267203	102289757
ENSG00000166135	10	102288829	102319755
ENSG00000075891	10	102495360	102589698
ENSG00000197889	10	15001438	15030049
ENSG00000119906	10	102672326	102724893
ENSG00000055950	10	102729215	102747272
ENSG00000152463	10	15074226	15115851
ENSG00000095539	10	102729275	102745628
ENSG00000107815	10	102747124	102754158
ENSG00000176244	10	15119522	15130775
ENSG00000176236	10	15137384	15139318
ENSG00000152464	10	15139179	15181817
ENSG00000152465	10	15144583	15210692
ENSG00000148468	10	15253642	15413061
ENSG00000077943	10	15555948	15762124
ENSG00000148481	10	15820169	15902519
ENSG00000165983	10	16478942	16555736
ENSG00000165985	10	16555742	16564004
ENSG00000148484	10	16632610	16859527
ENSG00000107611	10	16865963	17171830
ENSG00000107614	10	17184253	17244053
ENSG00000026025	10	17270258	17279592
ENSG00000148488	10	17360382	17496329
ENSG00000165996	10	17631958	17659376
ENSG00000136738	10	17686124	17757913
ENSG00000148483	10	17794251	17842867
ENSG00000183748	10	17851362	17953178
ENSG00000184040	10	18041218	18089855
ENSG00000120586	10	18098352	18200091
ENSG00000148482	10	18240768	18332221
ENSG00000165995	10	18429606	18830798
ENSG00000241058	10	18834490	18940551
ENSG00000271786	10	18931405	18944123
ENSG00000165997	10	18948334	18970568
ENSG00000204740	10	19492779	20079330
ENSG00000120594	10	20105168	20578785
ENSG00000078114	10	21068902	21463116
ENSG00000204683	10	21414692	21435488
ENSG00000204682	10	21781587	21786191
ENSG00000180592	10	21802407	21814611
ENSG00000078403	10	21823094	22032559
ENSG00000136770	10	22045466	22292698
ENSG00000223601	10	22497743	22498950
ENSG00000148444	10	22604903	22609235
ENSG00000269897	10	22605317	22618471
ENSG00000168283	10	22610140	22620413
ENSG00000077327	10	22634399	22743153
ENSG00000150867	10	22823778	23003484
