ENSG00000188403	15	20169919	20170354
ENSG00000259490	15	20192909	20193370
ENSG00000270961	15	20209093	20209115
ENSG00000271317	15	20210050	20210068
ENSG00000270783	15	20211158	20211188
ENSG00000271197	15	20213655	20213685
ENSG00000271336	15	20216406	20216422
ENSG00000215405	15	20737094	20747114
ENSG00000268343	15	21004687	21005367
ENSG00000230031	15	21040701	21071643
ENSG00000270824	15	21215823	21215845
ENSG00000270451	15	21216780	21216798
ENSG00000271255	15	21217888	21217918
ENSG00000271305	15	21220377	21220407
ENSG00000138593	15	49280673	49338760
ENSG00000270185	15	21223129	21223145
ENSG00000268531	15	22011370	22012050
ENSG00000233917	15	22051853	22083227
ENSG00000182974	15	22368478	22369561
ENSG00000183706	15	22382382	22383507
ENSG00000270505	15	22448382	22448819
ENSG00000269182	15	22456895	22460351
ENSG00000259261	15	22472918	22473353
ENSG00000197414	15	22736246	22746002
ENSG00000166200	15	49398268	49447858
ENSG00000153575	15	22833395	22873892
ENSG00000137824	15	41028082	41048049
ENSG00000259458	15	62929371	62937490
ENSG00000137880	15	41056218	41059906
ENSG00000104129	15	41060067	41099675
ENSG00000156958	15	49447853	49660066
ENSG00000271236	15	41052795	41053072
ENSG00000261183	15	41128006	41136585
ENSG00000188277	15	41062159	41064643
ENSG00000264256	15	41167511	41167608
ENSG00000251161	15	41199009	41201540
ENSG00000259405	15	41240934	41241067
ENSG00000259617	15	41291472	41297063
ENSG00000259463	15	41303795	41305498
ENSG00000259521	15	41309005	41320091
ENSG00000259547	15	41401076	41401376
ENSG00000140416	15	63334831	63364114
ENSG00000157021	15	41455360	41456572
ENSG00000240847	15	41484165	41484463
ENSG00000247556	15	41576188	41601901
ENSG00000140577	15	91073157	91188577
ENSG00000166140	15	41099284	41106767
ENSG00000259396	15	41635278	41636423
ENSG00000200407	15	41740940	41741042
ENSG00000068793	15	22892005	23006016
ENSG00000259838	15	41849225	41849633
ENSG00000260926	15	41901664	41904925
ENSG00000207766	15	41983783	41983876
ENSG00000270702	15	42010568	42010870
ENSG00000260814	15	42062954	42064930
ENSG00000250379	15	42117297	42120134
ENSG00000200293	15	42144111	42144227
ENSG00000264850	15	42158693	42158749
ENSG00000259792	15	78285747	78287631
ENSG00000174171	15	42184991	42190773
ENSG00000221476	15	78330873	78330937
ENSG00000199633	15	78383514	78383639
ENSG00000272003	15	42188137	42189031
ENSG00000260988	15	78433585	78435515
ENSG00000259883	15	42213615	42221081
ENSG00000246740	15	42264961	42291292
ENSG00000259708	15	78542844	78556498
ENSG00000257797	15	42298330	42302315
ENSG00000272418	15	78573292	78574532
ENSG00000259562	15	78582869	78583563
ENSG00000259322	15	78585628	78588391
ENSG00000259413	15	78674915	78675497
ENSG00000259474	15	78772399	78774162
ENSG00000261762	15	78881465	78883618
ENSG00000259555	15	78918237	78920535
ENSG00000261303	15	78952986	79027837
ENSG00000213307	15	78953389	78953918
ENSG00000238166	15	79044449	79045715
ENSG00000243711	15	79155589	79156071
ENSG00000252061	15	79191182	79191278
ENSG00000207712	15	42491768	42491864
ENSG00000177699	15	79271231	79278268
ENSG00000261002	15	42500611	42519188
ENSG00000239022	15	79406635	79406701
ENSG00000260571	15	42605885	42606584
ENSG00000259234	15	79484049	79576287
ENSG00000166143	15	41107650	41120907
ENSG00000207695	15	79502130	79502213
ENSG00000258461	15	42640301	42704515
ENSG00000259419	15	79528674	79529548
ENSG00000266543	15	79631072	79631156
ENSG00000261712	15	79705700	79706228
ENSG00000259493	15	79851598	79852646
ENSG00000259208	15	79960684	79961158
ENSG00000166262	15	49619159	49913128
ENSG00000260674	15	80035653	80035810
ENSG00000213527	15	80044031	80044391
ENSG00000103642	15	63413999	63434260
ENSG00000197299	15	91260558	91358859
ENSG00000259229	15	80050891	80051104
ENSG00000252995	15	80109691	80109792
ENSG00000166145	15	41136216	41150405
ENSG00000259548	15	80124808	80125896
ENSG00000261229	15	80135889	80136646
ENSG00000259770	15	80236840	80237920
ENSG00000271364	15	80276493	80278066
ENSG00000180725	15	80282247	80282948
ENSG00000251881	15	80434400	80434469
ENSG00000259967	15	80458265	80459322
ENSG00000259417	15	80487826	80544555
ENSG00000259361	15	80555410	80634147
ENSG00000201077	15	42719789	42719895
ENSG00000261684	15	42824065	42825038
ENSG00000261822	15	42859229	42862192
ENSG00000140285	15	49715293	49780972
ENSG00000260490	15	42864125	42864631
ENSG00000260282	15	42873354	42873686
ENSG00000258010	15	80726136	80737493
ENSG00000239025	15	43000890	43000990
ENSG00000246283	15	43031316	43035400
ENSG00000259175	15	80846950	80855285
ENSG00000260799	15	43093166	43094603
ENSG00000254793	15	43231508	43232556
ENSG00000205871	15	43407897	43408691
ENSG00000260928	15	43423206	43423884
ENSG00000261687	15	43476277	43477339
ENSG00000202211	15	43539878	43539979
ENSG00000261679	15	43560102	43560586
ENSG00000185088	15	63418071	63450220
ENSG00000260406	15	43594294	43594970
ENSG00000243871	15	43683633	43683925
ENSG00000222398	15	43894741	43894846
ENSG00000238535	15	43905880	43905983
ENSG00000206991	15	43929830	43929936
ENSG00000224677	15	43941321	43941478
ENSG00000270919	15	80872370	80872907
ENSG00000266542	15	80873444	80873580
ENSG00000222139	15	80956113	80956219
ENSG00000271983	15	80985557	80986048
ENSG00000208003	15	81134319	81134414
ENSG00000259546	15	81188531	81241208
ENSG00000260619	15	81283145	81285599
ENSG00000249839	15	43955852	43976537
ENSG00000265855	15	81289758	81289814
ENSG00000259461	15	81409976	81410681
ENSG00000271725	15	81595556	81601732
ENSG00000259343	15	81616718	81654378
ENSG00000166128	15	63481668	63559981
ENSG00000166763	15	43991686	44010382
ENSG00000259372	15	81702858	81711358
ENSG00000104047	15	49913177	49937333
ENSG00000259543	15	81719789	82047558
ENSG00000259594	15	81846344	81989121
ENSG00000259610	15	81926228	81934531
ENSG00000259692	15	81952823	82163466
ENSG00000201136	15	43994561	43994668
ENSG00000259445	15	82245644	82288007
ENSG00000238494	15	44005342	44005445
ENSG00000259622	15	82302553	82302948
ENSG00000222521	15	82336635	82336717
ENSG00000212170	15	82466565	82466726
ENSG00000205771	15	44019116	44039292
ENSG00000104140	15	41164412	41166487
ENSG00000259785	15	82590891	82626963
ENSG00000140564	15	91411822	91426688
ENSG00000140157	15	23004684	23034427
ENSG00000104142	15	41186628	41196173
ENSG00000138613	15	63568217	63601325
ENSG00000206589	15	44026377	44026483
ENSG00000221792	15	44085857	44085957
ENSG00000200391	15	44156091	44156203
ENSG00000227973	15	44168047	44168442
ENSG00000185607	15	44281259	44282382
ENSG00000224055	15	44355709	44356511
ENSG00000203578	15	44564040	44564218
ENSG00000203411	15	44571085	44571275
ENSG00000203576	15	44575957	44576117
ENSG00000128917	15	41221538	41231237
ENSG00000225273	15	82647360	82712277
ENSG00000237550	15	82664459	82748784
ENSG00000259206	15	82710856	82726435
ENSG00000188384	15	82751614	82769399
ENSG00000203575	15	44589782	44590272
ENSG00000196274	15	44595115	44595293
ENSG00000203574	15	44603029	44603177
ENSG00000203573	15	44603873	44604051
ENSG00000203572	15	44614380	44614557
ENSG00000250130	15	44646889	44647890
ENSG00000259499	15	44679518	44682649
ENSG00000259595	15	44694883	44719342
ENSG00000265191	15	44726452	44726705
ENSG00000259335	15	44739775	44741542
ENSG00000259563	15	44808848	44809681
ENSG00000179523	15	44819455	44829121
ENSG00000259659	15	44850027	44851386
ENSG00000206957	15	44989531	44989628
ENSG00000259479	15	45118569	45176892
ENSG00000104043	15	50150435	50475014
ENSG00000182511	15	91426925	91439006
ENSG00000170113	15	23043277	23100005
ENSG00000074410	15	63613577	63674360
ENSG00000259187	15	45118738	45119292
ENSG00000238845	15	45135810	45135922
ENSG00000212424	15	45176814	45176978
ENSG00000259742	15	45207000	45222820
ENSG00000259231	15	45211574	45213018
ENSG00000252117	15	45219798	45219901
ENSG00000252475	15	45255028	45255131
ENSG00000259304	15	45262233	45263376
ENSG00000252288	15	45265756	45265859
ENSG00000212550	15	45295062	45295226
ENSG00000259418	15	45333914	45350905
ENSG00000252171	15	45339301	45339413
ENSG00000259352	15	45365690	45366246
ENSG00000259539	15	45444862	45459724
ENSG00000259519	15	45462542	45492156
ENSG00000259932	15	45490715	45491337
ENSG00000260035	15	45492523	45492830
ENSG00000261709	15	45506646	45507242
ENSG00000259338	15	45507745	45508141
ENSG00000259520	15	45543884	45571449
ENSG00000128965	15	41245160	41248710
ENSG00000255769	15	82765134	82798350
ENSG00000221095	15	82769264	82769347
ENSG00000240994	15	82770180	82770459
ENSG00000186322	15	82804003	82810874
ENSG00000259567	15	82816060	82818549
ENSG00000259613	15	82829005	82829110
ENSG00000259387	15	82888224	82924290
ENSG00000153666	15	23255242	23268823
ENSG00000259328	15	82944773	82974312
ENSG00000241500	15	82969419	82969698
ENSG00000221177	15	82970531	82970614
ENSG00000259323	15	82975314	82975537
ENSG00000205275	15	82970479	82988374
ENSG00000235390	15	45613275	45613890
ENSG00000259433	15	45622407	45624832
ENSG00000259429	15	83023847	83088805
ENSG00000238941	15	45646977	45647083
ENSG00000259342	15	45722850	45734006
ENSG00000128908	15	41271078	41408552
ENSG00000211519	15	45725248	45725327
ENSG00000252285	15	45738661	45738722
ENSG00000259354	15	45740625	45805965
ENSG00000238583	15	45783782	45783885
ENSG00000179362	15	45803334	45878488
ENSG00000140284	15	50474393	50528592
ENSG00000207516	15	45829448	45829575
ENSG00000259681	15	45850796	45855075
ENSG00000259427	15	45858974	45859272
ENSG00000200419	15	45884182	45884283
ENSG00000259200	15	45997276	46223267
ENSG00000259743	15	46391391	46392590
ENSG00000259593	15	46633552	46633797
ENSG00000238819	15	46643860	46643944
ENSG00000238456	15	46952856	46952958
ENSG00000259255	15	46985486	47097042
ENSG00000223308	15	47012391	47012710
ENSG00000259509	15	47119724	47120156
ENSG00000252500	15	47249731	47249815
ENSG00000222311	15	47534401	47534476
ENSG00000222343	15	47564794	47565086
ENSG00000259554	15	47566380	47567361
ENSG00000259221	15	47651627	47688929
ENSG00000259360	15	47689698	47691751
ENSG00000259740	15	47817366	47819953
ENSG00000221202	15	47844672	47844768
ENSG00000259588	15	47896077	47898549
ENSG00000213862	15	48022341	48023132
ENSG00000259572	15	48095581	48138433
ENSG00000259754	15	48176507	48341309
ENSG00000259730	15	48236241	48241706
ENSG00000266143	15	48454002	48454100
ENSG00000259235	15	48481234	48483888
ENSG00000259385	15	48484388	48493881
ENSG00000140287	15	50534144	50558223
ENSG00000140455	15	63796793	63886839
ENSG00000259455	15	23405069	23414193
ENSG00000261739	15	23599895	23612378
ENSG00000178997	15	41474923	41522941
ENSG00000230903	15	83041000	83125316
ENSG00000259310	15	83087381	83102960
ENSG00000205271	15	83128128	83145983
ENSG00000196547	15	91445448	91465814
ENSG00000259472	15	83141718	83182928
ENSG00000221517	15	83145848	83145931
ENSG00000243464	15	83146764	83147043
ENSG00000254374	15	83188579	83195251
ENSG00000174450	15	23684645	23692381
ENSG00000259637	15	83200404	83202890
ENSG00000259462	15	83316521	83361572
ENSG00000259707	15	83360475	83361110
ENSG00000228141	15	83379223	83382778
ENSG00000259315	15	83394625	83407656
ENSG00000266697	15	83395302	83395385
ENSG00000259442	15	83412975	83419041
ENSG00000250988	15	83419316	83425958
ENSG00000252690	15	83421636	83425960
ENSG00000259805	15	83594636	83772195
ENSG00000260608	15	83681413	83730597
ENSG00000104064	15	50569389	50647605
ENSG00000179455	15	23810454	23873064
ENSG00000249214	15	83684154	83684448
ENSG00000259767	15	83690988	83693088
ENSG00000260351	15	83691323	83759534
ENSG00000259308	15	83713120	83713523
ENSG00000263643	15	83736087	83736167
ENSG00000260579	15	83782369	83783318
ENSG00000259986	15	83847934	84108197
ENSG00000223180	15	84284938	84285010
ENSG00000212374	15	84386179	84386274
ENSG00000261665	15	84408536	84408951
ENSG00000200444	15	84493615	84493705
ENSG00000221484	15	84657985	84658097
ENSG00000259609	15	84721865	84748849
ENSG00000259404	15	84748920	84795356
ENSG00000254585	15	23888691	23891175
ENSG00000259694	15	84839930	84841946
ENSG00000182636	15	23930565	23932450
ENSG00000259726	15	84855504	84866136
ENSG00000185823	15	24920541	24928593
ENSG00000187446	15	41523037	41574043
ENSG00000225151	15	84867600	84898888
ENSG00000104147	15	41601466	41624819
ENSG00000128739	15	25068794	25223870
ENSG00000259488	15	48604550	48624053
ENSG00000202542	15	48617755	48617868
ENSG00000259705	15	48938148	48944213
ENSG00000259216	15	49017535	49018024
ENSG00000259469	15	49021277	49022041
ENSG00000259670	15	49075387	49076318
ENSG00000259700	15	49102898	49103785
ENSG00000235883	15	49170346	49170937
ENSG00000259602	15	49230433	49240228
ENSG00000259500	15	49264000	49265558
ENSG00000207105	15	49288109	49288219
ENSG00000265942	15	49334540	49334840
ENSG00000259656	15	49393988	49395461
ENSG00000200120	15	49429959	49430060
ENSG00000259467	15	49448526	49449044
ENSG00000264210	15	49461267	49461350
ENSG00000259545	15	49469807	49470938
ENSG00000243338	15	49491099	49491391
ENSG00000259531	15	49657321	49658882
ENSG00000261597	15	49944336	49948429
ENSG00000259388	15	50086443	50088294
ENSG00000259188	15	50171801	50175722
ENSG00000201086	15	50274640	50274758
ENSG00000200605	15	50514085	50514193
ENSG00000241175	15	50536828	50537128
ENSG00000271819	15	50639620	50639726
ENSG00000244879	15	50647525	50659636
ENSG00000259715	15	50651647	50652391
ENSG00000264109	15	50652526	50652607
ENSG00000259465	15	50709582	50710889
ENSG00000252376	15	50755578	50755695
ENSG00000242737	15	50758935	50759293
ENSG00000221008	15	84873268	84873351
ENSG00000240466	15	84874184	84874466
ENSG00000259618	15	50786215	50789277
ENSG00000259633	15	84924665	84924766
ENSG00000259298	15	50789392	50790941
ENSG00000259683	15	84944427	84950601
ENSG00000259684	15	50849798	50852697
ENSG00000243027	15	50981097	50981388
ENSG00000244056	15	84948770	84949050
ENSG00000259773	15	51038906	51042026
ENSG00000259570	15	84949210	84950212
ENSG00000241130	15	51090867	51091148
ENSG00000221247	15	84949877	84949960
ENSG00000259378	15	51236860	51238193
ENSG00000235370	15	84953014	84966399
ENSG00000259240	15	51329685	51586109
ENSG00000137804	15	41624892	41673248
ENSG00000197361	15	63889552	63894627
ENSG00000259204	15	51356806	51361783
ENSG00000266593	15	51534387	51534461
ENSG00000272887	15	84956505	84962703
ENSG00000259701	15	51571124	51572212
ENSG00000259306	15	51608038	51614193
ENSG00000259538	15	84967471	84976535
ENSG00000270378	15	51643297	51643389
ENSG00000259194	15	51659574	51661307
ENSG00000259774	15	84977316	84980581
ENSG00000259678	15	51706294	51791030
ENSG00000197627	15	85034711	85043830
ENSG00000259668	15	51749483	51752779
ENSG00000259551	15	85043609	85045612
ENSG00000259302	15	85048694	85048726
ENSG00000263437	15	51901894	51901963
ENSG00000259241	15	51985413	51987962
ENSG00000259296	15	52000192	52007417
ENSG00000259377	15	52044682	52048672
ENSG00000230373	15	85051116	85060045
ENSG00000259632	15	52151382	52153490
ENSG00000207484	15	52176753	52176850
ENSG00000259201	15	52179757	52193320
ENSG00000272337	15	52199397	52199502
ENSG00000259185	15	52201099	52201839
ENSG00000259556	15	52211270	52222824
ENSG00000259438	15	52303196	52311292
ENSG00000259398	15	52325904	52327822
ENSG00000259712	15	52348872	52392720
ENSG00000259178	15	52374499	52378771
ENSG00000242327	15	52387492	52387944
ENSG00000259327	15	52408771	52414328
ENSG00000259709	15	52416758	52432443
ENSG00000206995	15	52454948	52455049
ENSG00000259577	15	52472290	52498071
ENSG00000221052	15	52569314	52569397
ENSG00000231169	15	52797386	52798060
ENSG00000138592	15	50716577	50793280
ENSG00000260618	15	52870039	52890906
ENSG00000259935	15	52940831	52942063
ENSG00000259203	15	53093811	53097139
ENSG00000214896	15	53177792	53178667
ENSG00000259612	15	53229336	53230715
ENSG00000259237	15	53408562	53421895
ENSG00000252066	15	53944174	53944320
ENSG00000103657	15	63900817	64126141
ENSG00000259244	15	85056472	85070180
ENSG00000189136	15	85070012	85114447
ENSG00000140553	15	91473410	91497323
ENSG00000259728	15	85113880	85123406
ENSG00000206641	15	54056401	54056507
ENSG00000259301	15	54129468	54129757
ENSG00000259669	15	54239821	54269105
ENSG00000259619	15	54340785	54343073
ENSG00000259550	15	54612929	54613763
ENSG00000260937	15	55348945	55384371
ENSG00000273173	15	25200133	25223729
ENSG00000225973	15	55609382	55611359
ENSG00000261771	15	55647446	55790558
ENSG00000207964	15	55665138	55665232
ENSG00000260036	15	55734833	55735555
ENSG00000259180	15	55972583	55973661
ENSG00000259369	15	56038837	56038965
ENSG00000221218	15	56053215	56053300
ENSG00000238513	15	56247899	56248002
ENSG00000230183	15	56297911	56299374
ENSG00000035664	15	64199235	64364232
ENSG00000137806	15	41679551	41694717
ENSG00000239703	15	56321886	56322179
ENSG00000261333	15	56363619	56363837
ENSG00000256278	15	85154920	85158200
ENSG00000176700	15	85174682	85185695
ENSG00000254414	15	85175129	85177218
ENSG00000137815	15	41700606	41775761
ENSG00000254779	15	85177105	85177866
ENSG00000259654	15	85229115	85230177
ENSG00000259415	15	85296353	85297733
ENSG00000200991	15	85395729	85395846
ENSG00000207037	15	85481647	85481753
ENSG00000212388	15	85482848	85482954
ENSG00000271044	15	85483735	85484364
ENSG00000259270	15	85721859	85722037
ENSG00000166797	15	64364758	64386217
ENSG00000261072	15	56484551	56485460
ENSG00000199784	15	56566728	56566834
ENSG00000261174	15	56615391	56615917
ENSG00000259941	15	56686519	56688983
ENSG00000261823	15	56700681	56702384
ENSG00000260392	15	56835150	56921790
ENSG00000170236	15	50792759	50838905
ENSG00000225625	15	57138538	57138804
ENSG00000222586	15	57258523	57258595
ENSG00000260689	15	57539158	57540091
ENSG00000239035	15	57570768	57570871
ENSG00000247982	15	57592563	57599959
ENSG00000260172	15	57611336	57616106
ENSG00000260870	15	57617670	57618645
ENSG00000252984	15	57697272	57697373
ENSG00000261489	15	57769682	57770527
ENSG00000261265	15	57819385	57821207
ENSG00000240874	15	57848149	57848577
ENSG00000261219	15	58012493	58013126
ENSG00000259477	15	58271914	58272844
ENSG00000259285	15	58357423	58363241
ENSG00000259651	15	58442474	58442762
ENSG00000259449	15	85724441	85725314
ENSG00000259626	15	58442834	58443161
ENSG00000259600	15	58443232	58444712
ENSG00000259295	15	85734669	85757136
ENSG00000259379	15	58444805	58446606
ENSG00000259671	15	58447159	58448260
ENSG00000214265	15	25200181	25245423
ENSG00000229212	15	85747141	85778026
ENSG00000028528	15	64386322	64438289
ENSG00000240934	15	58492805	58493217
ENSG00000259293	15	58727089	58790934
ENSG00000259476	15	58813510	58815570
ENSG00000259250	15	58879706	58883875
ENSG00000239100	15	58892331	58892434
ENSG00000092439	15	50844670	50979012
ENSG00000270986	15	58964495	58965132
ENSG00000182625	15	58978610	58978816
ENSG00000199730	15	58996051	58996353
ENSG00000259173	15	59047824	59048446
ENSG00000200318	15	59052666	59052880
ENSG00000245975	15	59060271	59063173
ENSG00000259402	15	59107471	59109927
ENSG00000259353	15	59149030	59157262
ENSG00000259738	15	59157205	59157502
ENSG00000242747	15	59161858	59162333
ENSG00000225798	15	59182166	59186281
ENSG00000259393	15	59259245	59260007
ENSG00000241640	15	59341598	59342584
ENSG00000114062	15	25582381	25684128
ENSG00000259732	15	59413233	59425449
ENSG00000221096	15	59443177	59443267
ENSG00000253030	15	59463382	59463461
ENSG00000200070	15	59504847	59504987
ENSG00000215983	15	59508845	59508925
ENSG00000259771	15	59558919	59563361
ENSG00000199512	15	59633513	59633616
ENSG00000259735	15	59640847	59652088
ENSG00000238767	15	59682407	59682516
ENSG00000259750	15	59693420	59694203
ENSG00000259674	15	59699162	59700353
ENSG00000200252	15	59701104	59701214
ENSG00000137825	15	41785591	41795747
ENSG00000221266	15	85752346	85752429
ENSG00000242188	15	85753262	85753544
ENSG00000188388	15	85783703	85790410
ENSG00000243780	15	59817621	59818080
ENSG00000240238	15	59844814	59845292
ENSG00000201704	15	59866302	59866421
ENSG00000218052	15	85798600	85873565
ENSG00000259317	15	85815758	85816205
ENSG00000251891	15	85933054	85933115
ENSG00000259630	15	85958459	85958864
ENSG00000259375	15	86122277	86123409
ENSG00000259367	15	86162854	86214179
ENSG00000259276	15	86164495	86170920
ENSG00000202081	15	86194753	86194859
ENSG00000259453	15	86244340	86246002
ENSG00000259544	15	86269346	86270458
ENSG00000259407	15	86287340	86293512
ENSG00000259762	15	86293567	86296132
ENSG00000259416	15	86298172	86299468
ENSG00000221634	15	86313727	86313809
ENSG00000259195	15	86314221	86314394
ENSG00000062524	15	41795836	41806085
ENSG00000200606	15	59867827	59867922
ENSG00000227161	15	59936497	59964501
ENSG00000259657	15	59968956	59969520
ENSG00000259238	15	59980716	59981617
ENSG00000234797	15	60060543	60061347
ENSG00000259601	15	60163710	60165694
ENSG00000259573	15	60257141	60258283
ENSG00000259558	15	60345403	60346291
ENSG00000259223	15	60365867	60410519
ENSG00000240163	15	60682570	60682881
ENSG00000242667	15	60696662	60697159
ENSG00000245534	15	60771377	60922836
ENSG00000259274	15	60822172	60837358
ENSG00000259513	15	60850279	60850600
ENSG00000259482	15	60973768	60979087
ENSG00000212625	15	61028968	61029085
ENSG00000259591	15	61056105	61057824
ENSG00000259481	15	61473448	61488137
ENSG00000259575	15	61504112	61506430
ENSG00000259616	15	61592525	61927648
ENSG00000259530	15	61890713	61897440
ENSG00000259675	15	61931548	62007370
ENSG00000252931	15	86365086	86365188
ENSG00000264406	15	86368866	86368961
ENSG00000271195	15	61966966	61967411
ENSG00000259608	15	86501948	86502202
ENSG00000259284	15	62022049	62023588
ENSG00000266349	15	62036140	62036218
ENSG00000260758	15	86621974	86623023
ENSG00000259564	15	62126951	62144351
ENSG00000264376	15	62206624	62206875
ENSG00000260477	15	86626576	86659948
ENSG00000259251	15	62352702	62354633
ENSG00000252964	15	86681500	86681610
ENSG00000261077	15	86683069	86683471
ENSG00000200206	15	86716429	86716501
ENSG00000260125	15	86838880	86860404
ENSG00000138600	15	50999506	51058005
ENSG00000184508	15	91474148	91475799
ENSG00000259734	15	87173497	87174367
ENSG00000259636	15	87476111	87489562
ENSG00000259620	15	87482028	87531657
ENSG00000259761	15	87585285	87590392
ENSG00000259560	15	87975289	88247083
ENSG00000207150	15	88017414	88017520
ENSG00000157734	15	64443914	64449680
ENSG00000259527	15	88120160	88122917
ENSG00000259183	15	88687166	88687396
ENSG00000260305	15	88795961	88814297
ENSG00000173867	15	89002948	89055760
ENSG00000259466	15	62374649	62375504
ENSG00000259697	15	62488344	62495517
ENSG00000271997	15	89045175	89049018
ENSG00000221391	15	89081810	89081913
ENSG00000259569	15	89111518	89111793
ENSG00000249487	15	89128802	89148341
ENSG00000166104	15	62520095	62545434
ENSG00000166965	15	91498100	91506349
ENSG00000221630	15	89151338	89151428
ENSG00000207703	15	89155056	89155165
ENSG00000166794	15	64448011	64455404
ENSG00000259676	15	89340644	89341965
ENSG00000259350	15	89495914	89496691
ENSG00000259489	15	89503301	89504277
ENSG00000265866	15	89515632	89515683
ENSG00000259878	15	62522583	62524094
ENSG00000261549	15	89532750	89533476
ENSG00000221141	15	62535565	62535647
ENSG00000260062	15	62545929	62562879
ENSG00000103932	15	41809374	41836467
ENSG00000260375	15	62547885	62548620
ENSG00000261296	15	62566362	62570564
ENSG00000260957	15	62576389	62577205
ENSG00000259557	15	62654228	62654530
ENSG00000259756	15	62975115	62982647
ENSG00000265317	15	63079006	63079093
ENSG00000211137	15	63116156	63116240
ENSG00000260275	15	89581208	89581517
ENSG00000259370	15	63124323	63176233
ENSG00000260123	15	89584454	89626050
ENSG00000206190	15	25922420	26110317
ENSG00000261407	15	89630309	89631498
ENSG00000239151	15	89664010	89664071
ENSG00000259727	15	63188011	63191742
ENSG00000259699	15	89678778	89679726
ENSG00000259394	15	63245372	63246323
ENSG00000259498	15	63338233	63341586
ENSG00000259948	15	89744322	89744999
ENSG00000259627	15	63362224	63364110
ENSG00000261441	15	89878284	89879392
ENSG00000259672	15	63391069	63402602
ENSG00000259459	15	63682335	63729347
ENSG00000198901	15	91509270	91538859
ENSG00000259268	15	63748493	63761550
ENSG00000255571	15	89904810	89939471
ENSG00000207819	15	89911248	89911337
ENSG00000259218	15	90048508	90067265
ENSG00000259248	15	63836446	63893788
ENSG00000261478	15	90052192	90053647
ENSG00000169118	15	64457716	64648442
ENSG00000081014	15	51200869	51298097
ENSG00000259589	15	63967345	64005957
ENSG00000199156	15	64163129	64163218
ENSG00000259713	15	90061754	90135187
ENSG00000259615	15	90122996	90125528
ENSG00000241362	15	90231168	90231474
ENSG00000259561	15	90247896	90248646
ENSG00000206590	15	90257463	90257569
ENSG00000259441	15	90295527	90296724
ENSG00000264966	15	90393869	90393953
ENSG00000259677	15	90419772	90420517
ENSG00000264796	15	90427163	90427262
ENSG00000212420	15	90429717	90429823
ENSG00000259316	15	64472547	64665980
ENSG00000166206	15	26788693	27184686
ENSG00000252645	15	90440808	90440869
ENSG00000259273	15	90479724	90480237
ENSG00000265871	15	90549987	90550073
ENSG00000259291	15	90617747	90625439
ENSG00000259685	15	90645881	90676674
ENSG00000263714	15	90673649	90673945
ENSG00000183578	15	51348795	51397473
ENSG00000240470	15	90709465	90709756
ENSG00000166803	15	64657193	64679886
ENSG00000184056	15	91541646	91565833
ENSG00000225193	15	90749804	90750199
ENSG00000259894	15	90788645	90789043
ENSG00000228998	15	90818266	90820841
ENSG00000270322	15	90825080	90825263
ENSG00000271396	15	90827608	90828812
ENSG00000214433	15	90835194	90838915
ENSG00000259351	15	64220473	64228152
ENSG00000201071	15	64403657	64403768
ENSG00000252774	15	64634738	64634897
ENSG00000242620	15	90837183	90837455
ENSG00000264600	15	64692409	64692671
ENSG00000265067	15	64713401	64713698
ENSG00000221309	15	90838273	90838355
ENSG00000206781	15	64737329	64737442
ENSG00000259262	15	90929046	90929295
ENSG00000137869	15	51500254	51630807
ENSG00000259682	15	64762452	64763563
ENSG00000248415	15	64820866	64821870
ENSG00000259177	15	90936722	90941113
ENSG00000243403	15	64885178	64885525
ENSG00000259212	15	91139072	91139679
ENSG00000239465	15	64923308	64924113
ENSG00000259314	15	91147457	91157790
ENSG00000207223	15	64945087	64945188
ENSG00000207162	15	64963462	64963568
ENSG00000259736	15	91163239	91260372
ENSG00000265967	15	64987240	64987793
ENSG00000264937	15	64988821	64989060
ENSG00000259746	15	91177957	91178265
ENSG00000259635	15	64993447	65011801
ENSG00000221033	15	65054586	65054714
ENSG00000245479	15	91203465	91208198
ENSG00000264929	15	65192180	65192438
ENSG00000270218	15	65318426	65319014
ENSG00000200677	15	91298473	91298542
ENSG00000259258	15	65397872	65398138
ENSG00000259704	15	91382954	91384608
ENSG00000201709	15	65522199	65522305
ENSG00000241869	15	91399167	91399437
ENSG00000206903	15	65577799	65577929
ENSG00000199568	15	65588389	65588504
ENSG00000259661	15	91463448	91464416
ENSG00000259346	15	65594260	65594649
ENSG00000200156	15	65597015	65597130
ENSG00000224441	15	91475816	91478360
ENSG00000270690	15	65750912	65751872
ENSG00000259232	15	65767656	65767952
ENSG00000258384	15	91495469	91498455
ENSG00000252217	15	65795079	65795174
ENSG00000103671	15	64679947	64747502
ENSG00000207449	15	65845419	65845525
ENSG00000258725	15	91509575	91531854
ENSG00000238715	15	65863311	65863411
ENSG00000238311	15	65989171	65989274
ENSG00000264737	15	66011584	66011670
ENSG00000261544	15	66058798	66059736
ENSG00000200142	15	91520438	91520535
ENSG00000259924	15	66063514	66064477
ENSG00000214432	15	91565849	91579841
ENSG00000249271	15	66108640	66109819
ENSG00000252715	15	66135822	66135896
ENSG00000263512	15	66332571	66332670
ENSG00000261318	15	66570836	66585695
ENSG00000258542	15	91573118	91573226
ENSG00000260773	15	66607252	66624041
ENSG00000252712	15	66639545	66639680
ENSG00000258665	15	91574942	91575665
ENSG00000092445	15	41849873	41871536
ENSG00000223271	15	66640614	66640713
ENSG00000240821	15	66671675	66672253
ENSG00000258551	15	91951938	92148441
ENSG00000261102	15	66707271	66707536
ENSG00000258954	15	92076121	92078325
ENSG00000243404	15	66738793	66739115
ENSG00000258765	15	92186247	92192344
ENSG00000269999	15	66780996	66781427
ENSG00000258540	15	92220001	92220290
ENSG00000261351	15	66782086	66784447
ENSG00000259057	15	92286071	92287185
ENSG00000266589	15	66789296	66789372
ENSG00000238981	15	92378609	92378706
ENSG00000199574	15	66793588	66793656
ENSG00000260661	15	92691982	92874267
ENSG00000202529	15	66794358	66794429
ENSG00000258761	15	92706028	92715666
ENSG00000199673	15	66795150	66795248
ENSG00000200623	15	66795581	66795652
ENSG00000258726	15	92824714	92825314
ENSG00000270490	15	67100742	67102898
ENSG00000259437	15	67212149	67224093
ENSG00000258925	15	92829071	92829908
ENSG00000259289	15	67223885	67248856
ENSG00000239197	15	92960777	92960919
ENSG00000258739	15	92964090	92965965
ENSG00000256122	15	67263384	67263457
ENSG00000259170	15	93013463	93014776
ENSG00000259347	15	67278699	67351591
ENSG00000259246	15	67293115	67293519
ENSG00000180357	15	64752941	64978264
ENSG00000242634	15	67524784	67525175
ENSG00000259673	15	67695957	67814182
ENSG00000270964	15	67833410	67834942
ENSG00000186417	15	51633826	51700210
ENSG00000259512	15	67920190	67921473
ENSG00000259410	15	68125063	68166204
ENSG00000245719	15	68126648	68131217
ENSG00000206625	15	68132277	68132383
ENSG00000261702	15	68266729	68266963
ENSG00000258647	15	93111048	93115272
ENSG00000258676	15	93124059	93143775
ENSG00000260337	15	93138790	93139692
ENSG00000271763	15	93146140	93163245
ENSG00000259064	15	93170303	93170644
ENSG00000272298	15	93242270	93267507
ENSG00000253954	15	93254977	93256105
ENSG00000258741	15	93258989	93277425
ENSG00000240484	15	93262623	93262970
ENSG00000258562	15	93305987	93306980
ENSG00000260361	15	93322987	93324722
ENSG00000258527	15	93338877	93339669
ENSG00000258922	15	93349000	93351797
ENSG00000264123	15	93399733	93400024
ENSG00000272888	15	93425937	93441975
ENSG00000260109	15	68277397	68278626
ENSG00000264779	15	68522010	68522127
ENSG00000260602	15	68546887	68547277
ENSG00000260657	15	68560130	68570332
ENSG00000261425	15	68591128	68593343
ENSG00000264173	15	93447629	93447705
ENSG00000271232	15	69041840	69043030
ENSG00000185518	15	91643180	91844539
ENSG00000265195	15	69094189	69094264
ENSG00000259286	15	69126169	69127088
ENSG00000137808	15	69222843	69321229
ENSG00000259745	15	69314569	69316516
ENSG00000259265	15	69329889	69335905
ENSG00000212766	15	69365266	69388160
ENSG00000259222	15	69373219	69392275
ENSG00000266374	15	69452990	69453063
ENSG00000265047	15	69539448	69539549
ENSG00000241774	15	69542866	69543134
ENSG00000261634	15	69570667	69591097
ENSG00000259504	15	69571014	69587661
ENSG00000186297	15	27111510	27194354
ENSG00000176463	15	92396925	92715665
ENSG00000104093	15	51739908	51915030
ENSG00000180304	15	64979772	64995480
ENSG00000166831	15	65032091	65067786
ENSG00000182256	15	27216429	27778373
ENSG00000140451	15	65107831	65117867
ENSG00000140557	15	92937058	93011958
ENSG00000258611	15	93608815	93609835
ENSG00000258888	15	93800427	93803704
ENSG00000212063	15	93829464	93829552
ENSG00000258971	15	93844645	93844876
ENSG00000257060	15	93855786	94112712
ENSG00000258909	15	93960079	93965805
ENSG00000258787	15	93973888	93974446
ENSG00000258631	15	94133096	94304028
ENSG00000258754	15	94261771	94614049
ENSG00000104044	15	28000021	28344504
ENSG00000258627	15	94368287	94368388
ENSG00000259123	15	94380840	94396210
ENSG00000258476	15	94406338	94421585
ENSG00000258831	15	94425311	94429972
ENSG00000222409	15	94440141	94440256
ENSG00000258785	15	94443930	94527379
ENSG00000259724	15	94448634	94651167
ENSG00000258895	15	94576887	94577406
ENSG00000212022	15	94624327	94624420
ENSG00000258570	15	94711578	94711980
ENSG00000104112	15	51973550	52013223
ENSG00000258632	15	94816725	94817234
ENSG00000260359	15	95024040	95027181
ENSG00000259331	15	95143243	95144050
ENSG00000260521	15	95398703	95400143
ENSG00000270017	15	95398815	95400240
ENSG00000258433	15	95577613	95578966
ENSG00000258773	15	95623324	95676088
ENSG00000248441	15	95819690	95870358
ENSG00000259134	15	95976324	96051076
ENSG00000258489	15	96006821	96036999
ENSG00000222076	15	96289033	96289223
ENSG00000259348	15	96571318	96590159
ENSG00000259702	15	96592504	96607655
ENSG00000247809	15	96670598	96870590
ENSG00000259359	15	96714810	96717568
ENSG00000259763	15	96779014	96779932
ENSG00000262728	15	32898619	32907361
ENSG00000222651	15	96876490	96876536
ENSG00000140280	15	52015208	52043782
ENSG00000128872	15	52043758	52108565
ENSG00000259275	15	96897466	96946964
ENSG00000259614	15	96931443	96932285
ENSG00000259542	15	96936375	96948419
ENSG00000259312	15	96981800	96987496
ENSG00000250825	15	96984796	96985543
ENSG00000242295	15	96991384	96991723
ENSG00000183643	15	93014884	93044347
ENSG00000259534	15	96992072	96992979
ENSG00000222617	15	97029812	97030121
ENSG00000259340	15	97094611	97094747
ENSG00000214424	15	97300217	97301826
ENSG00000259282	15	97315235	97326542
ENSG00000223120	15	97385299	97385614
ENSG00000215948	15	97634492	97634582
ENSG00000259403	15	97815407	97862518
ENSG00000259485	15	97839111	97975324
ENSG00000185442	15	93160673	93353114
ENSG00000242863	15	97896727	97897015
ENSG00000249240	15	65134082	65223118
ENSG00000241839	15	65134088	65160206
ENSG00000138594	15	52121825	52239492
ENSG00000259664	15	97913601	97971182
ENSG00000251729	15	98015356	98015482
ENSG00000259524	15	98058517	98065041
ENSG00000259582	15	98096514	98103932
ENSG00000259870	15	98419519	98421616
ENSG00000259478	15	98525739	98534372
ENSG00000258483	15	98563824	98565007
ENSG00000252477	15	98569271	98569368
ENSG00000259199	15	98589896	98836406
ENSG00000222361	15	98617896	98617992
ENSG00000259611	15	98628856	98646941
ENSG00000259266	15	98661400	98661549
ENSG00000128731	15	28356186	28567298
ENSG00000173575	15	93426526	93571237
ENSG00000166839	15	65204101	65251042
ENSG00000166477	15	52230222	52264003
ENSG00000259320	15	98665792	98674836
ENSG00000259041	15	98825304	98829136
ENSG00000259507	15	99010069	99010641
ENSG00000259424	15	99190180	99190600
ENSG00000264480	15	99327655	99327731
ENSG00000259621	15	99423888	99436764
ENSG00000259475	15	99497378	99646030
ENSG00000261054	15	99669037	99672011
ENSG00000261616	15	99679522	99685575
ENSG00000259921	15	99697436	99701345
ENSG00000264771	15	99797744	99797875
ENSG00000259706	15	99797837	99800220
ENSG00000174197	15	41913422	42062141
ENSG00000069956	15	52244303	52358462
ENSG00000259228	15	99824830	99825781
ENSG00000259257	15	99878062	99878686
ENSG00000259590	15	99935384	99936798
ENSG00000259760	15	99936818	99941520
ENSG00000259341	15	99967214	99971233
ENSG00000241562	15	100091587	100092322
ENSG00000201724	15	100221991	100222082
ENSG00000221691	15	100291924	100292010
ENSG00000182397	15	100330361	100347132
ENSG00000137875	15	52401460	52404972
ENSG00000259655	15	100331332	100333052
ENSG00000241588	15	100331397	100331649
ENSG00000221511	15	100332502	100332584
ENSG00000254744	15	100510420	100514215
ENSG00000259219	15	100516686	100520979
ENSG00000252957	15	100614286	100614395
ENSG00000259356	15	100666311	100669948
ENSG00000069966	15	52413117	52483566
ENSG00000137802	15	42066632	42120053
ENSG00000189419	15	100884662	100890438
ENSG00000259430	15	100913144	100978119
ENSG00000270127	15	101087972	101090358
ENSG00000251819	15	101092025	101092127
ENSG00000259205	15	101093734	101099159
ENSG00000259540	15	101098882	101100003
ENSG00000200095	15	101100891	101100997
ENSG00000212306	15	101178568	101178662
ENSG00000259381	15	101185639	101186860
ENSG00000259579	15	101256454	101368702
ENSG00000259586	15	101386809	101386972
ENSG00000232386	15	101389766	101402376
ENSG00000090487	15	65255362	65282648
ENSG00000272808	15	101390036	101404501
ENSG00000259604	15	101402048	101414195
ENSG00000272639	15	101402129	101425534
ENSG00000259583	15	101433945	101459488
ENSG00000259376	15	101583921	101589661
ENSG00000259755	15	101590937	101626271
ENSG00000259365	15	101656808	101657751
ENSG00000259182	15	101708735	101711026
ENSG00000259172	15	101835624	101845942
ENSG00000259764	15	101874642	101877633
ENSG00000259464	15	102102739	102103177
ENSG00000128833	15	52484519	52587995
ENSG00000259695	15	102121096	102121759
ENSG00000252614	15	102188409	102188515
ENSG00000238502	15	102223718	102223819
ENSG00000259660	15	102291235	102334505
ENSG00000259236	15	102311961	102322192
ENSG00000182175	15	93586636	93632433
ENSG00000240927	15	102313442	102313716
ENSG00000232459	15	102368944	102369882
ENSG00000214344	15	102382322	102390527
ENSG00000257109	15	102416167	102417104
ENSG00000103707	15	65294845	65321977
ENSG00000153684	15	28623767	28637170
ENSG00000186198	15	65337708	65345734
ENSG00000221376	15	69617632	69617759
ENSG00000252972	15	69659924	69660020
ENSG00000259645	15	69683531	69684488
ENSG00000259426	15	69689243	69707368
ENSG00000207395	15	69698780	69698891
ENSG00000259191	15	69726805	69727459
ENSG00000207119	15	69750281	69750488
ENSG00000259454	15	102427557	102427970
ENSG00000259215	15	69750861	69754145
ENSG00000259646	15	102443357	102443407
ENSG00000103710	15	65345679	65369028
ENSG00000183909	15	102467008	102467910
ENSG00000245750	15	69755365	69863775
ENSG00000248893	15	102495088	102496615
ENSG00000259553	15	102500051	102501611
ENSG00000259457	15	69857063	69858129
ENSG00000259641	15	69884468	69988089
ENSG00000234438	15	65369154	65372276
ENSG00000238870	15	70023079	70023161
ENSG00000215958	15	70077754	70077843
ENSG00000246922	15	65385338	65407535
ENSG00000259496	15	70095655	70096385
ENSG00000259309	15	70113095	70115195
ENSG00000259703	15	70127573	70135459
ENSG00000185596	15	102501356	102516768
ENSG00000207965	15	70371711	70371807
ENSG00000200216	15	70485575	70485683
ENSG00000259252	15	70487977	70490848
ENSG00000269360	15	93749295	93751277
ENSG00000259503	15	70613915	70619081
ENSG00000259473	15	70796246	70798267
ENSG00000259227	15	70894463	70894855
ENSG00000259532	15	71041271	71046516
ENSG00000259624	15	71060350	71071207
ENSG00000259452	15	71083352	71083825
ENSG00000268632	15	42073346	42076229
ENSG00000235420	15	71088936	71095027
ENSG00000197535	15	52599480	52821247
ENSG00000267539	15	71121469	71123745
ENSG00000259744	15	71141222	71142109
ENSG00000259470	15	71151053	71152501
ENSG00000242276	15	71355440	71356328
ENSG00000259964	15	71439989	71481381
ENSG00000140563	15	94774767	95023632
ENSG00000243708	15	42120283	42140345
ENSG00000259781	15	71457109	71457754
ENSG00000090470	15	65409717	65426174
ENSG00000212664	15	71633466	71634086
ENSG00000260586	15	71634663	71640810
ENSG00000252813	15	71767826	71767901
ENSG00000031544	15	72084977	72110600
ENSG00000183629	15	28764757	28778160
ENSG00000260037	15	72110737	72115725
ENSG00000200873	15	72150911	72151027
ENSG00000261632	15	72264547	72332606
ENSG00000260576	15	72333535	72333994
ENSG00000222094	15	72337524	72337708
ENSG00000223253	15	72343592	72343670
ENSG00000243568	15	72426982	72427777
ENSG00000260173	15	72432845	72447800
ENSG00000261460	15	72571208	72644135
ENSG00000260729	15	72577068	72668322
ENSG00000260339	15	72668454	72671129
ENSG00000243007	15	72671556	72672051
ENSG00000261423	15	72700119	72767509
ENSG00000271072	15	72742998	72743815
ENSG00000261187	15	72757469	72758603
ENSG00000207690	15	72879558	72879654
ENSG00000260534	15	72882032	72884186
ENSG00000260144	15	72897524	72904667
ENSG00000259783	15	72900828	72929260
ENSG00000243790	15	72904161	72904401
ENSG00000260672	15	72908151	72910591
ENSG00000259909	15	72931162	72932466
ENSG00000244666	15	72956896	72957171
ENSG00000261281	15	72974607	72975245
ENSG00000260898	15	73075176	73090540
ENSG00000259259	15	73191740	73192601
ENSG00000259691	15	73435577	73435859
ENSG00000248472	15	102516758	102519298
ENSG00000259440	15	73454120	73455269
ENSG00000259528	15	73547675	73548450
ENSG00000259650	15	73627601	73634728
ENSG00000259186	15	73775537	73776284
ENSG00000260469	15	74060555	74061978
ENSG00000260624	15	74163291	74165707
ENSG00000222064	15	74183750	74183828
ENSG00000261801	15	74200424	74220589
ENSG00000260096	15	74355121	74356126
ENSG00000244612	15	74364764	74365039
ENSG00000214702	15	74387926	74390758
ENSG00000261543	15	74445141	74471567
ENSG00000259264	15	74495046	74513896
ENSG00000261384	15	74595346	74596684
ENSG00000260266	15	74643109	74656961
ENSG00000261821	15	74657776	74659391
ENSG00000247240	15	74753606	74773643
ENSG00000243789	15	42120283	42129779
ENSG00000260103	15	74770411	74782627
ENSG00000261775	15	74781943	74809300
ENSG00000212279	15	74783300	74783369
ENSG00000260919	15	74905535	74907937
ENSG00000264386	15	75081013	75081098
ENSG00000261606	15	75108564	75124136
ENSG00000260824	15	75192333	75193030
ENSG00000261813	15	75268581	75268914
ENSG00000199580	15	75275615	75275717
ENSG00000260483	15	75315321	75315597
ENSG00000260152	15	75406602	75407209
ENSG00000252722	15	75413877	75414007
ENSG00000240366	15	75478992	75479309
ENSG00000261779	15	75503642	75504508
ENSG00000264950	15	75518212	75518312
ENSG00000260660	15	75519094	75526292
ENSG00000260104	15	75541573	75541748
ENSG00000261205	15	75544084	75545275
ENSG00000166855	15	65440557	65477680
ENSG00000242542	15	75560749	75561024
ENSG00000244438	15	75585025	75585300
ENSG00000260357	15	75592294	75595306
ENSG00000259790	15	75613738	75615034
ENSG00000207636	15	75645952	75646026
ENSG00000260591	15	75647551	75648087
ENSG00000260274	15	75660496	75661925
ENSG00000241890	15	75680608	75681169
ENSG00000261714	15	75707590	75708361
ENSG00000260165	15	75773002	75773177
ENSG00000259931	15	75805111	75805381
ENSG00000260269	15	75819491	75893546
ENSG00000203473	15	75830020	75830438
ENSG00000260235	15	75917134	75918031
ENSG00000260206	15	75928480	75931580
ENSG00000260892	15	75968568	75969503
ENSG00000246877	15	76020011	76030964
ENSG00000128989	15	52839242	52862080
ENSG00000260288	15	76030161	76055662
ENSG00000260815	15	76039110	76039604
ENSG00000261043	15	76051842	76054746
ENSG00000187812	15	76067894	76079239
ENSG00000138615	15	65488337	65503826
ENSG00000241807	15	76077453	76077726
ENSG00000261820	15	76083811	76085024
ENSG00000252372	15	76109433	76109504
ENSG00000266308	15	76187381	76187639
ENSG00000260685	15	76242805	76243485
ENSG00000259422	15	76467232	76473827
ENSG00000259581	15	76551327	76554031
ENSG00000259514	15	76631950	76634404
ENSG00000270036	15	76635983	76636706
ENSG00000261232	15	76764440	76764706
ENSG00000266449	15	76878988	76879032
ENSG00000201510	15	77028982	77029321
ENSG00000138617	15	65526798	65592956
ENSG00000243365	15	77269258	77269551
ENSG00000259565	15	77271586	77272792
ENSG00000260787	15	77334178	77335533
ENSG00000259652	15	77336022	77337502
ENSG00000269951	15	77359996	77360667
ENSG00000259722	15	77496920	77497442
ENSG00000168970	15	42120293	42140353
ENSG00000230459	15	77570807	77571116
ENSG00000259362	15	77817882	77826452
ENSG00000259420	15	77861312	77901023
ENSG00000259666	15	77934106	77943997
ENSG00000259281	15	77952394	77960416
ENSG00000259213	15	78079535	78081016
ENSG00000260139	15	78187026	78197016
ENSG00000047346	15	52873514	53002014
ENSG00000174498	15	65619465	65670378
ENSG00000260776	15	78206559	78219188
ENSG00000137877	15	42140345	42186275
ENSG00000103742	15	65673802	65715410
ENSG00000169856	15	53049637	53083273
ENSG00000166415	15	53805938	54055075
ENSG00000103966	15	42190950	42264776
ENSG00000261244	15	78208864	78214361
ENSG00000242066	15	78209065	78209324
ENSG00000214646	15	78232253	78236924
ENSG00000205148	15	96831280	96831660
ENSG00000137766	15	54305101	54920806
ENSG00000185551	15	96869167	96883492
ENSG00000261403	15	78246417	78255996
ENSG00000261143	15	78268384	78285399
ENSG00000074603	15	65734801	65810042
ENSG00000268484	15	96904487	96904900
ENSG00000185594	15	97326619	97328845
ENSG00000251209	15	98285448	98417780
ENSG00000140450	15	98462784	98517068
ENSG00000188626	15	28947100	28983530
ENSG00000137876	15	55473004	55489265
ENSG00000185087	15	98980391	99057611
ENSG00000188089	15	42273780	42343388
ENSG00000140443	15	99192200	99507759
ENSG00000034053	15	29129629	29410518
ENSG00000159337	15	42359207	42386752
ENSG00000069974	15	55495164	55611311
ENSG00000069943	15	55611158	55647846
ENSG00000168907	15	42433332	42448839
ENSG00000104059	15	29412457	29862927
ENSG00000183571	15	99511459	99551024
ENSG00000185115	15	29560353	29562033
ENSG00000182253	15	99638420	99675798
ENSG00000260916	15	55632230	55700708
ENSG00000104067	15	29991571	30261068
ENSG00000261652	15	55700746	55710962
ENSG00000256061	15	55702723	55800432
ENSG00000171016	15	55831088	55881145
ENSG00000166450	15	55903744	56035288
ENSG00000074696	15	65822756	65870687
ENSG00000166887	15	42450899	42500514
ENSG00000103852	15	99676528	99791428
ENSG00000069869	15	56119120	56285944
ENSG00000179938	15	30375158	30385702
ENSG00000168904	15	99791567	99930934
ENSG00000138614	15	65871091	65903627
ENSG00000261247	15	30427352	30437770
ENSG00000166664	15	30653443	30686052
ENSG00000181827	15	56379478	56535483
ENSG00000103978	15	42502730	42565861
ENSG00000151575	15	56536207	56738195
ENSG00000138587	15	56713742	56757335
ENSG00000268730	15	99859300	99859828
ENSG00000186399	15	30695943	30706463
ENSG00000068305	15	100017370	100256671
ENSG00000178115	15	30844183	30854704
ENSG00000074621	15	65903704	65953333
ENSG00000137871	15	56922379	57210769
ENSG00000261794	15	30896329	30906764
ENSG00000187951	15	30916697	31065196
ENSG00000198690	15	31196055	31235311
ENSG00000174485	15	65950384	66084631
ENSG00000166912	15	31231144	31283810
ENSG00000140262	15	57210821	57591479
ENSG00000103769	15	66018392	66184329
ENSG00000128849	15	57668165	57842925
ENSG00000214013	15	42565431	42645864
ENSG00000157890	15	66187417	66546085
ENSG00000134160	15	31293264	31453476
ENSG00000137878	15	57884106	58006943
ENSG00000092529	15	42640301	42704516
ENSG00000269810	15	100038447	100038578
ENSG00000183060	15	100255902	100273766
ENSG00000169926	15	31619058	31727868
ENSG00000214397	15	100255908	100258029
ENSG00000259363	15	100347228	100417353
ENSG00000169918	15	31775329	32162992
ENSG00000140470	15	100511794	100882210
ENSG00000263155	15	57884139	57977562
ENSG00000175344	15	32322691	32464722
ENSG00000255529	15	57884231	58074960
ENSG00000154227	15	100940600	101085200
ENSG00000140471	15	101099574	101143435
ENSG00000166938	15	66585555	66626236
ENSG00000183475	15	101142739	101191910
ENSG00000249931	15	32684983	32695396
ENSG00000128918	15	58245622	58790065
ENSG00000184254	15	101417919	101456831
ENSG00000233812	15	32694108	32695493
ENSG00000206127	15	32737307	32747835
ENSG00000075131	15	66628544	66679084
ENSG00000268759	15	32774822	32780287
ENSG00000103569	15	58430368	58478110
ENSG00000232653	15	32885657	32896179
ENSG00000166035	15	58702768	58861151
ENSG00000198826	15	32907345	32932150
ENSG00000103994	15	42705021	42783321
ENSG00000137845	15	58887403	59042177
ENSG00000169032	15	66679155	66784650
ENSG00000128923	15	59063391	59154099
ENSG00000174446	15	66782473	66790151
ENSG00000157450	15	59157374	59389618
ENSG00000174444	15	66790355	66816870
ENSG00000166922	15	32933877	32989299
ENSG00000154237	15	101459420	101610317
ENSG00000092531	15	42783431	42837547
ENSG00000137776	15	59171244	59225852
ENSG00000166923	15	33010175	33026870
ENSG00000248905	15	33057747	33486897
ENSG00000131873	15	101715928	101792137
ENSG00000131871	15	101811022	101817705
ENSG00000180979	15	42834720	42841000
ENSG00000157456	15	59397277	59417244
ENSG00000198838	15	33603163	34158303
ENSG00000137814	15	42841008	42862192
ENSG00000157483	15	59427113	59665099
ENSG00000131876	15	101821715	101835487
ENSG00000268327	15	59439899	59440054
ENSG00000171989	15	59499042	59500705
ENSG00000157470	15	59664892	59815748
ENSG00000140479	15	101840818	102065405
ENSG00000169857	15	34158428	34331377
ENSG00000140297	15	59887074	59932438
ENSG00000140307	15	59930261	59949740
ENSG00000184984	15	34260921	34357291
ENSG00000134153	15	34376218	34394149
ENSG00000140299	15	59951345	59981733
ENSG00000174442	15	66797297	66842115
ENSG00000171956	15	60296421	60353929
ENSG00000188501	15	66839517	66858317
ENSG00000259471	15	66874528	66978132
ENSG00000182405	15	34394274	34396591
ENSG00000137834	15	66994566	67074338
ENSG00000134152	15	34432875	34502297
ENSG00000166949	15	67356101	67487533
ENSG00000128463	15	34517200	34522357
ENSG00000259202	15	67435072	67439277
ENSG00000184277	15	102161847	102192594
ENSG00000103591	15	67493371	67547533
ENSG00000185418	15	102193801	102264807
ENSG00000159433	15	42867857	43013179
ENSG00000182718	15	60639333	60695082
ENSG00000140199	15	34525460	34630261
ENSG00000103599	15	67547138	67794598
ENSG00000140326	15	43015757	43029324
ENSG00000259658	15	102277302	102285913
ENSG00000184140	15	102345902	102346876
ENSG00000182854	15	102358366	102359350
ENSG00000177693	15	102462245	102463298
ENSG00000128881	15	43030932	43213007
ENSG00000215567	15	20083769	20093074
ENSG00000201241	15	20088867	20088969
ENSG00000159459	15	43235095	43398311
ENSG00000189227	15	67813406	67819628
ENSG00000137764	15	67835047	68099461
ENSG00000258463	15	20104587	20104812
ENSG00000258706	15	20172667	20173605
ENSG00000259337	15	20178035	20178471
ENSG00000259769	15	20251549	20253247
ENSG00000258397	15	20278952	20279587
ENSG00000239471	15	20300988	20301282
ENSG00000258410	15	20333998	20353206
ENSG00000258780	15	20359029	20366079
ENSG00000258628	15	20433873	20482756
ENSG00000259156	15	20487997	20496839
ENSG00000258654	15	20549989	20564419
ENSG00000239083	15	20557339	20557434
ENSG00000265002	15	20563361	20563434
ENSG00000166947	15	43398423	43513481
ENSG00000180229	15	20587869	20711433
ENSG00000182117	15	34633917	34635378
ENSG00000184507	15	34635516	34649938
ENSG00000258488	15	20721492	20725870
ENSG00000258797	15	20750883	20754751
ENSG00000137842	15	43415477	43477344
ENSG00000181984	15	20767700	20781019
ENSG00000176454	15	34651106	34659479
ENSG00000242443	15	20776218	20776496
ENSG00000221354	15	20777370	20777452
ENSG00000258916	15	20798818	20804500
ENSG00000258707	15	20832122	20832668
ENSG00000270685	15	20844768	20845194
ENSG00000258590	15	20862967	20893737
ENSG00000260409	15	20935076	20961512
ENSG00000128915	15	60711808	60771359
ENSG00000188779	15	68112042	68126899
ENSG00000238478	15	20944008	20944114
ENSG00000259383	15	20964640	20980123
ENSG00000259443	15	20978413	20980200
ENSG00000258420	15	20980793	20981327
ENSG00000259089	15	21018628	21020287
ENSG00000259214	15	21031783	21031969
ENSG00000265322	15	21038124	21038198
ENSG00000238489	15	21060580	21060686
ENSG00000261048	15	21095535	21095935
ENSG00000261554	15	21098712	21099309
ENSG00000258799	15	21106770	21106938
ENSG00000270831	15	21122015	21140987
ENSG00000266545	15	21145581	21145662
ENSG00000258710	15	21145767	21198632
ENSG00000258855	15	21166004	21166910
ENSG00000258494	15	21174611	21175544
ENSG00000259698	15	21224717	21226180
ENSG00000259025	15	21258333	21260031
ENSG00000258771	15	21286141	21286776
ENSG00000243059	15	21308174	21308467
ENSG00000175265	15	34671269	34880704
ENSG00000260986	15	21333027	21335424
ENSG00000258684	15	21365634	21372686
ENSG00000258883	15	21893090	21903057
ENSG00000237161	15	21936560	21938111
ENSG00000247765	15	21941147	21968151
ENSG00000207289	15	21950659	21950765
ENSG00000258415	15	21987458	21987995
ENSG00000258712	15	22015703	22016791
ENSG00000258767	15	22025293	22025752
ENSG00000258848	15	22026731	22026974
ENSG00000265793	15	22049274	22049348
ENSG00000033800	15	68346517	68483096
ENSG00000200790	15	22071734	22071840
ENSG00000258585	15	22117083	22118114
ENSG00000258997	15	22133181	22152165
ENSG00000166946	15	43477316	43487396
ENSG00000264902	15	22156766	22156847
ENSG00000258786	15	22185845	22186733
ENSG00000261841	15	22195622	22199970
ENSG00000261406	15	22268269	22269196
ENSG00000259176	15	22278010	22413497
ENSG00000129007	15	68483043	68498417
ENSG00000258721	15	22297499	22298480
ENSG00000259324	15	22318882	22319785
ENSG00000258652	15	22332815	22333350
ENSG00000261277	15	22344660	22345900
ENSG00000238960	15	22348678	22348778
ENSG00000259435	15	22413569	22414386
ENSG00000260739	15	22433890	22436177
ENSG00000223877	15	22440227	22440848
ENSG00000271288	15	22466058	22466493
ENSG00000270356	15	22482836	22483268
ENSG00000260007	15	68486139	68522056
ENSG00000271507	15	22490343	22490685
ENSG00000221641	15	22513229	22513280
ENSG00000259098	15	22546089	22546799
ENSG00000258732	15	22566922	22570823
ENSG00000259501	15	22646603	22647417
ENSG00000263930	15	22675148	22675241
ENSG00000259689	15	22691016	22693200
ENSG00000185182	15	22704721	22715604
ENSG00000128973	15	68499330	68549549
ENSG00000221000	15	22705928	22706010
ENSG00000241034	15	22706884	22707162
ENSG00000259596	15	22747313	22782336
ENSG00000169018	15	68570141	68588203
ENSG00000069667	15	60780483	61521518
ENSG00000259184	15	22751742	22752819
ENSG00000259400	15	22777713	22789974
ENSG00000259344	15	23095170	23115256
ENSG00000259425	15	23096869	23105332
ENSG00000270628	15	23116383	23116940
ENSG00000259480	15	23128188	23145997
ENSG00000230856	15	23157871	23158157
ENSG00000259174	15	23181938	23182642
ENSG00000187667	15	23187728	23208737
ENSG00000244736	15	23263708	23263986
ENSG00000239124	15	23264866	23264948
ENSG00000140181	15	23282281	23378228
ENSG00000137809	15	68594050	68724501
ENSG00000104055	15	43524793	43559055
ENSG00000259414	15	23388289	23392657
ENSG00000259233	15	23417958	23421818
ENSG00000175676	15	23435096	23448420
ENSG00000103647	15	68871308	69020145
ENSG00000129003	15	62144588	62352672
ENSG00000242962	15	23443616	23443894
ENSG00000238347	15	23444768	23444850
ENSG00000259325	15	23466152	23471888
ENSG00000259401	15	23499526	23501360
ENSG00000259145	15	23572032	23579274
ENSG00000140350	15	69070874	69113236
ENSG00000260399	15	23583132	23586995
ENSG00000242502	15	23608428	23608706
ENSG00000238737	15	23609591	23609673
ENSG00000261418	15	23675986	23680359
ENSG00000265673	15	23807209	23807278
ENSG00000260978	15	23812411	23814804
ENSG00000179449	15	23888695	23890979
ENSG00000159495	15	43568478	43594453
ENSG00000215252	15	34817408	34880704
ENSG00000206616	15	24022584	24022690
ENSG00000261622	15	24157556	24186863
ENSG00000260232	15	24220319	24248582
ENSG00000260551	15	24407901	24415095
ENSG00000168806	15	43619974	43622803
ENSG00000168803	15	43622872	43646096
ENSG00000260780	15	24451931	24471001
ENSG00000261621	15	24480225	24521976
ENSG00000260959	15	24483292	24485339
ENSG00000261598	15	24544896	24545785
ENSG00000260760	15	24686274	24693114
ENSG00000259905	15	24738284	24897277
ENSG00000159248	15	35043233	35047166
ENSG00000159251	15	35080297	35088340
ENSG00000021776	15	35147732	35262040
ENSG00000140265	15	43650370	43663223
ENSG00000238615	15	25138894	25138995
ENSG00000241061	15	25154076	25154972
ENSG00000242088	15	25156021	25156272
ENSG00000224078	15	25223730	25664609
ENSG00000137822	15	43661419	43699293
ENSG00000258484	15	69110560	69239150
ENSG00000198146	15	35270542	35280488
ENSG00000212768	15	35270552	35272268
ENSG00000255346	15	69222864	69355083
ENSG00000134146	15	35509546	35838394
ENSG00000270704	15	25230011	25230320
ENSG00000239014	15	25232072	25232142
ENSG00000271347	15	25236633	25236900
ENSG00000272846	15	25264182	25299063
ENSG00000257647	15	25272883	25277194
ENSG00000257151	15	25277020	25281637
ENSG00000270246	15	25287065	25287575
ENSG00000207063	15	25296624	25296718
ENSG00000207001	15	25299357	25299451
ENSG00000207014	15	25302007	25302101
ENSG00000207191	15	25307480	25307574
ENSG00000207442	15	25310173	25310268
ENSG00000207133	15	25312935	25313029
ENSG00000207093	15	25315579	25315673
ENSG00000206727	15	25318254	25318348
ENSG00000200661	15	25319261	25319362
ENSG00000206609	15	25321076	25321167
ENSG00000207197	15	25322198	25322289
ENSG00000207137	15	25324205	25324296
ENSG00000206621	15	25325289	25325380
ENSG00000207174	15	25326434	25326525
ENSG00000207263	15	25327915	25328006
ENSG00000206656	15	25328735	25328826
ENSG00000206688	15	25330532	25330623
ENSG00000207460	15	25331674	25331765
ENSG00000186073	15	36871812	37102449
ENSG00000261069	15	25332808	25334043
ENSG00000207375	15	25336933	25337024
ENSG00000207279	15	25339184	25339275
ENSG00000252326	15	25342810	25342901
ENSG00000251815	15	25344646	25344741
ENSG00000251896	15	25346722	25346813
ENSG00000207245	15	25351668	25351750
ENSG00000252277	15	25353415	25353499
ENSG00000270523	15	25376125	25376484
ENSG00000212428	15	25404368	25404426
ENSG00000270814	15	25414484	25414823
ENSG00000201831	15	25415870	25415951
ENSG00000199712	15	25417782	25417863
ENSG00000199970	15	25420074	25420155
ENSG00000200680	15	25421979	25422060
ENSG00000200503	15	25423885	25423966
ENSG00000200812	15	25425644	25425725
ENSG00000200726	15	25429453	25429534
ENSG00000199782	15	25430778	25430859
ENSG00000067369	15	43699407	43802926
ENSG00000201943	15	25432683	25432763
ENSG00000200486	15	25434561	25434642
ENSG00000199453	15	25436563	25436644
ENSG00000199960	15	25440068	25440148
ENSG00000201679	15	25442723	25442803
ENSG00000200757	15	25444595	25444676
ENSG00000201482	15	25446470	25446551
ENSG00000200163	15	25448374	25448455
ENSG00000138604	15	69452923	69564556
ENSG00000199968	15	25449504	25449585
ENSG00000201969	15	25451409	25451490
ENSG00000199833	15	25453230	25453310
ENSG00000201326	15	25455065	25455146
ENSG00000201331	15	25456943	25457024
ENSG00000200398	15	25458795	25458876
ENSG00000199489	15	25460688	25460769
ENSG00000201300	15	25465644	25465725
ENSG00000200801	15	25467495	25467575
ENSG00000199704	15	25468393	25468474
ENSG00000200987	15	25470350	25470431
ENSG00000202188	15	25472256	25472337
ENSG00000200949	15	25474114	25474195
ENSG00000200593	15	25475985	25476066
ENSG00000137819	15	69591286	69700119
ENSG00000199311	15	25477534	25477615
ENSG00000201992	15	25479394	25479475
ENSG00000202499	15	25481232	25481313
ENSG00000200638	15	25483133	25483214
ENSG00000201907	15	25484985	25485066
ENSG00000200564	15	25486893	25486974
ENSG00000272460	15	25488761	25488842
ENSG00000200478	15	25490625	25490706
ENSG00000201143	15	25492492	25492573
ENSG00000202373	15	25494345	25494426
ENSG00000202261	15	25496006	25496087
ENSG00000212380	15	25509657	25509737
ENSG00000212528	15	25513613	25513698
ENSG00000201634	15	25514930	25515005
ENSG00000239169	15	25523490	25523556
ENSG00000261529	15	25590780	25592382
ENSG00000235731	15	25729978	25823938
ENSG00000223628	15	25826116	25826269
ENSG00000222123	15	25983655	25983767
ENSG00000199214	15	26063130	26063217
ENSG00000266517	15	26093894	26093972
ENSG00000259011	15	26110442	26122358
ENSG00000206187	15	26147507	26298267
ENSG00000258965	15	26173293	26173722
ENSG00000212604	15	26254087	26254221
ENSG00000258931	15	26295685	26297423
ENSG00000259150	15	26360960	26378184
ENSG00000235160	15	26640219	26691921
ENSG00000137807	15	69706585	69740764
ENSG00000235518	15	26902177	26903910
ENSG00000242793	15	27096279	27096757
ENSG00000259122	15	27210064	27215532
ENSG00000134138	15	37181406	37393504
ENSG00000198535	15	62359176	62363116
ENSG00000205502	15	62455734	62457482
ENSG00000228740	15	27402762	27406466
ENSG00000214254	15	27453236	27453782
ENSG00000200326	15	27525465	27525583
ENSG00000258624	15	27585671	27585951
ENSG00000261426	15	27607456	27611544
ENSG00000258970	15	27663942	27665881
ENSG00000259152	15	27667527	27673484
ENSG00000259168	15	27728181	27787137
ENSG00000258594	15	27866680	27874435
ENSG00000258853	15	27929644	27930914
ENSG00000232394	15	28020767	28021944
ENSG00000228992	15	28140850	28141728
ENSG00000256338	15	28560798	28561102
ENSG00000261401	15	28577383	28581755
ENSG00000261561	15	28591636	28591793
ENSG00000237850	15	28594197	28603226
ENSG00000171914	15	62682725	63136830
ENSG00000261497	15	28607942	28610877
ENSG00000241273	15	28632351	28632629
ENSG00000221050	15	28633515	28633597
ENSG00000261524	15	28648014	28650179
ENSG00000266039	15	28671637	28671730
ENSG00000260159	15	28699806	28702929
ENSG00000261365	15	28718468	28718594
ENSG00000263964	15	28735898	28735991
ENSG00000260053	15	28751771	28753954
ENSG00000238607	15	28768331	28768413
ENSG00000244424	15	28769299	28769577
ENSG00000261041	15	28791058	28794923
ENSG00000227717	15	28798718	28806525
ENSG00000260444	15	28810132	28810298
ENSG00000261581	15	28820165	28824546
ENSG00000166963	15	43803156	43823818
ENSG00000206149	15	28834638	28930410
ENSG00000137818	15	69745123	69748255
ENSG00000254398	15	28924551	28927398
ENSG00000238340	15	28947708	28947790
ENSG00000241075	15	28948669	28948947
ENSG00000261480	15	28964523	28983577
ENSG00000248334	15	28982729	29002537
ENSG00000260844	15	29008586	29009297
ENSG00000232431	15	29033389	29037148
ENSG00000256951	15	29034345	29034632
ENSG00000261377	15	29034810	29101361
ENSG00000168781	15	43825660	43882430
ENSG00000271616	15	29075765	29076328
ENSG00000261649	15	29087381	29093821
ENSG00000270301	15	29103028	29103544
ENSG00000259277	15	29262399	29269667
ENSG00000259299	15	29525877	29527341
ENSG00000252868	15	29526072	29526183
ENSG00000259690	15	29665806	29669160
ENSG00000259814	15	29901880	29903416
ENSG00000259300	15	29904774	29906478
ENSG00000166069	15	38214140	38259925
ENSG00000256802	15	29967194	29973161
ENSG00000259644	15	30020390	30021735
ENSG00000234664	15	30022917	30023189
ENSG00000259523	15	30114834	30116284
ENSG00000259749	15	30297408	30298633
ENSG00000259647	15	30297646	30338051
ENSG00000260174	15	30336658	30337499
ENSG00000229389	15	30345145	30365267
ENSG00000239955	15	30383854	30384132
ENSG00000221250	15	30385012	30385094
ENSG00000261792	15	30391029	30394296
ENSG00000178081	15	30395923	30423960
ENSG00000207432	15	30404401	30404533
ENSG00000241167	15	30435925	30436203
ENSG00000221785	15	30437080	30437162
ENSG00000260897	15	30443075	30445612
ENSG00000261747	15	30446113	30446313
ENSG00000259906	15	30462766	30472146
ENSG00000225930	15	30488239	30506743
ENSG00000259993	15	30515220	30517767
ENSG00000206972	15	30546605	30546711
ENSG00000270955	15	30574736	30580592
ENSG00000238783	15	30647639	30647743
ENSG00000270173	15	30649969	30650976
ENSG00000263070	15	30672556	30679190
ENSG00000238519	15	30677162	30677294
ENSG00000221723	15	30696552	30696634
ENSG00000240221	15	30697514	30697792
ENSG00000271333	15	30712486	30712632
ENSG00000215302	15	30762982	30799826
ENSG00000270055	15	30780166	30782516
ENSG00000260784	15	30808282	30810070
ENSG00000260693	15	30832296	30838172
ENSG00000239898	15	30852855	30853133
ENSG00000221593	15	30854013	30854095
ENSG00000259890	15	30860025	30863292
ENSG00000260128	15	30864941	30892918
ENSG00000140332	15	70340129	70390515
ENSG00000207430	15	30873387	30873519
ENSG00000270016	15	30899898	30900396
ENSG00000243928	15	30904916	30905194
ENSG00000221358	15	30906074	30906156
ENSG00000269930	15	30909161	30909952
ENSG00000247728	15	30909201	30917976
ENSG00000252602	15	30935128	30935255
ENSG00000269974	15	30941000	30941732
ENSG00000206846	15	30965953	30966046
ENSG00000103832	15	31083776	31094062
ENSG00000241266	15	31092352	31092630
ENSG00000221379	15	31093509	31093591
ENSG00000259845	15	31107474	31136356
ENSG00000260382	15	31174470	31175434
ENSG00000261628	15	31191683	31192530
ENSG00000270015	15	31218717	31220610
ENSG00000212526	15	31248451	31248553
ENSG00000259720	15	31294216	31334505
ENSG00000207702	15	31357235	31357344
ENSG00000259448	15	31508223	31516648
ENSG00000259772	15	31514202	31523041
ENSG00000259179	15	31712331	31712865
ENSG00000259696	15	31745404	31746342
ENSG00000259358	15	32057946	32060404
ENSG00000206849	15	32220506	32220637
ENSG00000201084	15	32467448	32467552
ENSG00000271078	15	32542503	32548326
ENSG00000207257	15	32576353	32576459
ENSG00000260211	15	32605327	32607855
ENSG00000260642	15	32651739	32659985
ENSG00000261491	15	32677138	32679685
ENSG00000221444	15	32685591	32685673
ENSG00000241459	15	32686547	32686825
ENSG00000166068	15	38544527	38649450
ENSG00000215304	15	32691157	32727434
ENSG00000261279	15	32698798	32727193
ENSG00000171262	15	38746328	38779911
ENSG00000206987	15	32718489	32718621
ENSG00000261708	15	32728704	32731968
ENSG00000221318	15	32737916	32737998
ENSG00000243088	15	32738879	32739157
ENSG00000270789	15	32753867	32754010
ENSG00000261375	15	32781468	32783787
ENSG00000254912	15	32786204	32792547
ENSG00000223509	15	32812049	32829127
ENSG00000261064	15	32828248	32879814
ENSG00000234038	15	32885854	32886380
ENSG00000180987	15	32890499	32891012
ENSG00000242480	15	32894330	32894608
ENSG00000172575	15	38780304	38857776
ENSG00000221405	15	32895488	32895570
ENSG00000244952	15	32905934	32907312
ENSG00000241818	15	32948285	32965266
ENSG00000259721	15	33009471	33011208
ENSG00000259392	15	33129184	33129527
ENSG00000238342	15	33187401	33187502
ENSG00000212415	15	33262928	33262992
ENSG00000259686	15	33304320	33305269
ENSG00000215296	15	33527753	33539822
ENSG00000259446	15	33595858	33602860
ENSG00000200008	15	34014693	34014797
ENSG00000259408	15	34147101	34149010
ENSG00000259287	15	34150918	34157026
ENSG00000259505	15	34282887	34284249
ENSG00000243094	15	34378112	34378515
ENSG00000259468	15	34547487	34550033
ENSG00000207091	15	34606929	34607029
ENSG00000259904	15	34665742	34666804
ENSG00000266205	15	34665990	34666072
ENSG00000221649	15	34674270	34674351
ENSG00000260639	15	34686795	34687132
ENSG00000261081	15	34701826	34702795
ENSG00000259917	15	34781203	34782772
ENSG00000261559	15	34786621	34788101
ENSG00000221065	15	34820491	34820572
ENSG00000259892	15	34848071	34849021
ENSG00000252425	15	34889659	34889759
ENSG00000261304	15	34943336	34947965
ENSG00000250007	15	35047285	35105124
ENSG00000259751	15	35141338	35142596
ENSG00000231409	15	35235281	35235595
ENSG00000259181	15	35285847	35295422
ENSG00000259587	15	35300670	35303392
ENSG00000259665	15	35373345	35373714
ENSG00000255192	15	35376394	35377311
ENSG00000259397	15	35384682	35385413
ENSG00000259336	15	35391223	35461899
ENSG00000259592	15	35413774	35414285
ENSG00000259516	15	35474000	35530398
ENSG00000237289	15	43885252	43897099
ENSG00000259710	15	35574797	35575181
ENSG00000259585	15	35590450	35591641
ENSG00000265102	15	35664457	35664565
ENSG00000259688	15	35688422	35688645
ENSG00000259411	15	35692892	35693969
ENSG00000248079	15	35838396	36151202
ENSG00000259217	15	36067001	36067190
ENSG00000265098	15	36219057	36219124
ENSG00000259639	15	36231368	36544458
ENSG00000137831	15	70946893	71055932
ENSG00000259245	15	36338283	36341730
ENSG00000259395	15	36633940	36636367
ENSG00000259737	15	36731173	36763217
ENSG00000270500	15	36864186	36864413
ENSG00000261635	15	36905675	36906399
ENSG00000261315	15	36909290	36911466
ENSG00000260582	15	36918875	36919976
ENSG00000261191	15	36933387	36961298
ENSG00000223518	15	37090797	37110660
ENSG00000212511	15	37144841	37145059
ENSG00000259280	15	37168580	37179236
ENSG00000206676	15	37343029	37343131
ENSG00000259460	15	37391540	37392374
ENSG00000270304	15	37546080	37547153
ENSG00000259434	15	37657228	37783009
ENSG00000243122	15	37782892	37783304
ENSG00000259225	15	38276967	38354541
ENSG00000236914	15	38361682	38365160
ENSG00000175779	15	38988799	38992239
ENSG00000175746	15	39542885	39547046
ENSG00000259380	15	38431796	38519088
ENSG00000259192	15	38750961	38751741
ENSG00000259326	15	38795054	38797182
ENSG00000259598	15	38816271	38826856
ENSG00000137801	15	39873280	39891667
ENSG00000242866	15	43891596	44010458
ENSG00000150667	15	39892232	40075031
ENSG00000166173	15	71123863	71146498
ENSG00000166073	15	40091233	40213093
ENSG00000137821	15	71145578	71342414
ENSG00000128829	15	40226347	40327797
ENSG00000201509	15	38834444	38834544
ENSG00000259747	15	38964048	38981392
ENSG00000259731	15	39048755	39051614
ENSG00000259345	15	39157523	39719396
ENSG00000259278	15	39311434	39317119
ENSG00000259423	15	39459940	39472231
ENSG00000259450	15	39480639	39486510
ENSG00000259447	15	39592619	39602983
ENSG00000259269	15	39764904	39773407
ENSG00000259390	15	39804607	39812055
ENSG00000259279	15	39885781	39886432
ENSG00000259580	15	40062760	40093534
ENSG00000261136	15	40074772	40077818
ENSG00000259432	15	40105424	40107630
ENSG00000246863	15	40213243	40218081
ENSG00000200305	15	40214983	40215087
ENSG00000238564	15	40242907	40243009
ENSG00000259389	15	40243576	40243909
ENSG00000248508	15	40331512	40359491
ENSG00000259584	15	40367405	40370905
ENSG00000259409	15	40381033	40381587
ENSG00000259239	15	40425969	40427415
ENSG00000260648	15	40524283	40528308
ENSG00000259307	15	40592871	40594021
ENSG00000244705	15	40604553	40605490
ENSG00000259198	15	40604816	40608835
ENSG00000259330	15	40617417	40618916
ENSG00000252714	15	40623738	40623849
ENSG00000259368	15	40661126	40661841
ENSG00000259714	15	40664026	40664677
ENSG00000261374	15	40666599	40668192
ENSG00000259364	15	40745643	40746838
ENSG00000259211	15	40756392	40758925
ENSG00000244251	15	40772951	40773514
ENSG00000259536	15	40780240	40850183
ENSG00000223313	15	40821769	40821872
ENSG00000238559	15	40899410	40899510
ENSG00000265814	15	40907865	40908126
ENSG00000259254	15	40935131	40939055
ENSG00000166762	15	43920701	43960316
ENSG00000245849	15	40978922	40987305
ENSG00000140319	15	40327940	40331389
ENSG00000104081	15	40380091	40401093
ENSG00000129028	15	71173681	71185124
ENSG00000223572	15	43985084	43991420
ENSG00000187720	15	71389291	72075722
ENSG00000225362	15	71402583	71407833
ENSG00000156970	15	40453224	40513337
ENSG00000167004	15	44038590	44065477
ENSG00000066933	15	72114632	72410918
ENSG00000128886	15	44064798	44069741
ENSG00000137843	15	40509629	40569688
ENSG00000262560	15	44064815	44091331
ENSG00000259288	15	40509629	40568597
ENSG00000176753	15	40542865	40545170
ENSG00000140264	15	44069285	44094787
ENSG00000137841	15	40570377	40600136
ENSG00000166192	15	72406599	72433311
ENSG00000175318	15	72452148	72490126
ENSG00000268488	15	44075041	44075231
ENSG00000230778	15	40573645	40574787
ENSG00000067225	15	72491370	72524164
ENSG00000188549	15	40623653	40633168
ENSG00000184716	15	44086360	44092419
ENSG00000233041	15	40643234	40648635
ENSG00000242028	15	44088340	44095241
ENSG00000140323	15	40650436	40663257
ENSG00000140259	15	44096690	44117000
ENSG00000128944	15	40674922	40686447
ENSG00000092470	15	44119161	44160617
ENSG00000171877	15	44162962	44487450
ENSG00000128928	15	40697686	40728146
ENSG00000166734	15	44580927	44707956
ENSG00000140320	15	40731920	40760441
ENSG00000137817	15	72533522	72565340
ENSG00000169105	15	40763160	40765353
ENSG00000128891	15	40820882	40857256
ENSG00000137770	15	44719432	44821236
ENSG00000104131	15	44829255	44855227
ENSG00000166133	15	40861499	40866659
ENSG00000137812	15	40886218	40956540
ENSG00000051180	15	40986972	41024354
ENSG00000273025	15	72559087	72612287
ENSG00000140488	15	72577068	72612470
ENSG00000104133	15	44854894	44955876
ENSG00000213614	15	72635775	72668817
ENSG00000229474	15	44957930	45003514
ENSG00000166710	15	45003675	45011075
ENSG00000187806	15	72690614	72700370
ENSG00000166233	15	72766667	72879692
ENSG00000185880	15	45021186	45060027
ENSG00000215186	15	72947079	72958735
ENSG00000175202	15	72968124	72978490
ENSG00000140463	15	72978527	73030817
ENSG00000167014	15	45248900	45271427
ENSG00000140263	15	45315302	45369383
ENSG00000140279	15	45384848	45406542
ENSG00000159322	15	73043710	73078187
ENSG00000140274	15	45406519	45410619
ENSG00000140254	15	45409569	45422136
ENSG00000067141	15	73344051	73597547
ENSG00000137857	15	45422131	45457774
ENSG00000138622	15	73612200	73661605
ENSG00000183324	15	73735499	73852355
ENSG00000156642	15	73852355	73926475
ENSG00000138606	15	45459412	45493373
ENSG00000103855	15	73976307	74006859
ENSG00000137860	15	45544428	45568149
ENSG00000171766	15	45653322	45694525
ENSG00000205363	15	74032141	74045088
ENSG00000167139	15	74165949	74181555
ENSG00000129038	15	74218330	74244478
ENSG00000171763	15	45694529	45713617
ENSG00000166920	15	45722727	45740959
ENSG00000067221	15	74275547	74286963
ENSG00000104154	15	45771809	45815005
ENSG00000104164	15	45879321	45908197
ENSG00000140464	15	74287014	74340153
ENSG00000260170	15	45879549	45968512
ENSG00000137767	15	45923346	45983492
ENSG00000259752	15	47425693	47426320
ENSG00000159289	15	74362198	74374891
ENSG00000167178	15	74392652	74430881
ENSG00000137872	15	47476298	48066420
ENSG00000248540	15	74418256	74421619
ENSG00000129009	15	74466012	74469213
ENSG00000188467	15	48413169	48434869
ENSG00000104177	15	48431625	48470714
ENSG00000137868	15	74471807	74504608
ENSG00000233932	15	48483736	48495953
ENSG00000074803	15	48483861	48596275
ENSG00000128951	15	48623208	48635570
ENSG00000140481	15	74509613	74628813
ENSG00000166147	15	48700503	48938046
ENSG00000140459	15	74630100	74660081
ENSG00000138623	15	74701630	74726808
ENSG00000138629	15	74738318	74753523
ENSG00000103995	15	49005125	49103343
ENSG00000179361	15	74833518	74890472
ENSG00000185634	15	49115932	49255641
ENSG00000179335	15	74890841	74932057
ENSG00000255302	15	49170083	49172380
ENSG00000179151	15	74922899	74988633
ENSG00000140465	15	75011883	75017951
ENSG00000140505	15	75041185	75048543
ENSG00000103653	15	75074398	75095539
ENSG00000140506	15	75105057	75118099
ENSG00000213578	15	75118888	75124141
ENSG00000140474	15	75128457	75135687
ENSG00000140497	15	75136071	75165706
ENSG00000178802	15	75182346	75191798
ENSG00000178761	15	75192328	75199462
ENSG00000178741	15	75212132	75230509
ENSG00000178718	15	75246757	75249805
ENSG00000198794	15	75249560	75313837
ENSG00000138621	15	75315896	75409803
ENSG00000167173	15	75487984	75504510
ENSG00000167195	15	75550940	75562540
ENSG00000140478	15	75575176	75586816
ENSG00000140365	15	75628232	75634268
ENSG00000140398	15	75639296	75647592
ENSG00000140400	15	75648133	75660971
ENSG00000169375	15	75661720	75748183
ENSG00000169410	15	75759462	75871630
ENSG00000169371	15	75890424	75918810
ENSG00000177971	15	75931426	75941047
ENSG00000173548	15	75940247	75954642
ENSG00000173546	15	75966663	76005189
ENSG00000203392	15	75970672	75973093
ENSG00000182950	15	76016318	76020029
ENSG00000256530	15	76030311	76031568
ENSG00000140367	15	76135622	76193419
ENSG00000167196	15	76196200	76227609
ENSG00000169752	15	76228310	76352136
ENSG00000169758	15	76352178	76521462
ENSG00000140374	15	76507696	76603813
ENSG00000159556	15	76629065	76634817
ENSG00000140386	15	76640526	77197785
ENSG00000117906	15	77223960	77242601
ENSG00000140368	15	77285700	77329673
ENSG00000140391	15	77336359	77376326
ENSG00000173517	15	77400471	77712486
ENSG00000140382	15	77712754	77777949
ENSG00000169783	15	77905369	78113242
ENSG00000167202	15	78276378	78370066
ENSG00000183476	15	78370150	78397251
ENSG00000136425	15	78396948	78423886
ENSG00000166411	15	78423840	78464291
ENSG00000103740	15	78459810	78538030
ENSG00000140403	15	78556428	78574538
ENSG00000140395	15	78570177	78592136
ENSG00000166426	15	78632666	78640572
ENSG00000136381	15	78729773	78793798
ENSG00000188266	15	78799906	78829714
ENSG00000268838	15	78830023	78831288
ENSG00000041357	15	78832747	78841604
ENSG00000169684	15	78857862	78887611
ENSG00000080644	15	78885394	78913637
ENSG00000117971	15	78916461	79020096
ENSG00000136378	15	79051545	79103773
ENSG00000185787	15	79102829	79190475
ENSG00000103811	15	79213400	79241916
ENSG00000058335	15	79252289	79383115
ENSG00000235711	15	79575146	79590580
ENSG00000166557	15	79603404	79704334
ENSG00000169330	15	79724858	79764632
ENSG00000136371	15	80125927	80189721
ENSG00000259332	15	80137537	80216096
ENSG00000180953	15	80191182	80216044
ENSG00000259642	15	80215113	80217194
ENSG00000257028	15	80215507	80217194
ENSG00000140379	15	80253231	80263788
ENSG00000086666	15	80351910	80430735
ENSG00000103876	15	80444832	80479288
ENSG00000259495	15	80637195	80695917
ENSG00000172379	15	80696692	80890278
ENSG00000136379	15	80972025	81047962
ENSG00000103888	15	81071684	81244117
ENSG00000259649	15	81188532	81202118
ENSG00000117899	15	81239667	81282219
ENSG00000140406	15	81293295	81296342
ENSG00000156206	15	81299374	81441516
ENSG00000172349	15	81451916	81605104
ENSG00000172345	15	81601394	81616524
ENSG00000188869	15	81623558	81666554
ENSG00000183496	15	82334119	82338482
ENSG00000259518	15	82380935	82390035
ENSG00000140598	15	82422571	82555104
ENSG00000188659	15	82555151	82577271
ENSG00000205281	15	82635130	82641706
ENSG00000197978	15	82722223	82731338
ENSG00000184779	15	82821158	82824972
ENSG00000215749	15	82930438	82939159
ENSG00000259243	15	83011379	83018198
ENSG00000196648	15	83098710	83108085
ENSG00000182774	15	83205504	83209315
ENSG00000260836	15	83208783	83224682
ENSG00000261086	15	83209620	83231124
ENSG00000214575	15	83211951	83317612
ENSG00000103723	15	83328033	83378666
ENSG00000186628	15	83424114	83474822
ENSG00000156232	15	83478380	83503611
ENSG00000103942	15	83509838	83654661
ENSG00000169612	15	83654959	83659809
ENSG00000169609	15	83657193	83680393
ENSG00000064726	15	83685174	83736106
ENSG00000136404	15	83776159	83813606
ENSG00000166503	15	83784320	83876770
ENSG00000169594	15	83924655	83953466
ENSG00000140600	15	84115980	84287495
ENSG00000156218	15	84322838	84708594
ENSG00000259511	15	84841242	84850986
ENSG00000184206	15	84904525	84914120
ENSG00000176371	15	85144217	85171027
ENSG00000177082	15	85185999	85197574
ENSG00000197696	15	85198360	85201794
ENSG00000140612	15	85212775	85259947
ENSG00000166716	15	85291866	85349659
ENSG00000136383	15	85359911	85416713
ENSG00000156222	15	85427885	85518876
ENSG00000073417	15	85523671	85682376
ENSG00000170776	15	85923802	86292586
ENSG00000183655	15	86302554	86338261
ENSG00000166748	15	86685227	87572283
ENSG00000140538	15	88418230	88799999
ENSG00000259494	15	89002707	89010650
ENSG00000181991	15	89010684	89022222
ENSG00000140543	15	89054790	89089906
ENSG00000181026	15	89164527	89175513
ENSG00000172183	15	89179384	89199714
ENSG00000157766	15	89346674	89418585
ENSG00000140511	15	89420519	89438857
ENSG00000140545	15	89441916	89456642
ENSG00000140526	15	89630690	89745591
ENSG00000140522	15	89753100	89764982
ENSG00000140525	15	89787180	89860492
ENSG00000140521	15	89859534	89878092
ENSG00000140519	15	89998680	90039844
ENSG00000140534	15	90118713	90174287
ENSG00000166813	15	90152020	90198682
ENSG00000166819	15	90207596	90222658
ENSG00000166821	15	90220995	90234014
ENSG00000140527	15	90234028	90286869
ENSG00000166823	15	90291892	90294541
ENSG00000188095	15	90303822	90321982
ENSG00000166825	15	90328120	90358633
ENSG00000157823	15	90373831	90437574
ENSG00000250021	15	90377540	90456114
ENSG00000242498	15	90443159	90456188
ENSG00000140548	15	90544624	90625438
ENSG00000182054	15	90626277	90645736
ENSG00000185033	15	90703836	90772911
ENSG00000185043	15	90773207	90777279
ENSG00000183208	15	90777040	90785315
ENSG00000213471	15	90792762	90808199
ENSG00000261147	15	90792788	90815440
ENSG00000182768	15	90808891	90816463
ENSG00000238244	15	90890819	90892669
ENSG00000196391	15	90895477	90909324
ENSG00000140575	15	90931450	91045475
