ENSG00000223116	13	23551994	23552136
ENSG00000233440	13	23708313	23708703
ENSG00000207157	13	23726725	23726825
ENSG00000229483	13	23743974	23744736
ENSG00000252952	13	23791571	23791673
ENSG00000235205	13	23817659	23821323
ENSG00000232849	13	93708910	93710179
ENSG00000236803	13	23841645	23843289
ENSG00000232163	13	23947562	23948200
ENSG00000252365	13	94021100	94021213
ENSG00000229558	13	23993110	24002818
ENSG00000235784	13	94047230	94048108
ENSG00000224394	13	94470677	94488397
ENSG00000212559	13	94677724	94677852
ENSG00000232977	13	24040710	24061603
ENSG00000236520	13	94806447	94840245
ENSG00000227893	13	24072935	24077013
ENSG00000212057	13	95117554	95117644
ENSG00000222129	13	95303651	95303783
ENSG00000232102	13	24340073	24340243
ENSG00000242037	13	95351479	95351756
ENSG00000238230	13	95351948	95355116
ENSG00000227640	13	95364970	95368500
ENSG00000205861	13	24463028	24471402
ENSG00000235768	13	95409705	95411526
ENSG00000237924	13	95412807	95413269
ENSG00000260962	13	95612295	95613573
ENSG00000252335	13	95671489	95671590
ENSG00000238463	13	95862598	95862702
ENSG00000223298	13	95963084	95963209
ENSG00000196593	13	24513696	24520921
ENSG00000200211	13	95988360	95988455
ENSG00000271492	13	96046303	96046708
ENSG00000223392	13	96131698	96186164
ENSG00000228741	13	24553949	24609166
ENSG00000247400	13	96300987	96329179
ENSG00000225674	13	24696204	24697953
ENSG00000229622	13	96344792	96346226
ENSG00000252695	13	24736555	24736643
ENSG00000227213	13	24826887	24828577
ENSG00000227714	13	96346237	96346749
ENSG00000240868	13	24889863	24895736
ENSG00000232373	13	96346823	96347959
ENSG00000234627	13	24902349	24903210
ENSG00000251901	13	96366931	96367032
ENSG00000261498	13	24905588	24911259
ENSG00000226977	13	96461564	96461861
ENSG00000233545	13	24974841	24975167
ENSG00000242614	13	96821799	96822099
ENSG00000233273	13	97225913	97226753
ENSG00000205822	13	24982295	25171814
ENSG00000235137	13	97536096	97542067
ENSG00000243300	13	97593535	97636426
ENSG00000266216	13	25129366	25129451
ENSG00000244615	13	25140981	25144866
ENSG00000234267	13	97599891	97601181
ENSG00000243008	13	25141011	25171814
ENSG00000272329	13	97600272	97601838
ENSG00000211508	13	25183217	25183313
ENSG00000222472	13	97601503	97601787
ENSG00000207474	13	25277694	25277803
ENSG00000252154	13	97618195	97618268
ENSG00000225404	13	25278476	25278926
ENSG00000238522	13	97709633	97709734
ENSG00000233124	13	97824723	97831876
ENSG00000231417	13	25316815	25320322
ENSG00000202290	13	98015226	98015355
ENSG00000271625	13	98127996	98128713
ENSG00000226695	13	25324795	25326309
ENSG00000226134	13	98327265	98330217
ENSG00000238407	13	98538063	98538166
ENSG00000233291	13	98553907	98554542
ENSG00000270725	13	98591610	98605793
ENSG00000253771	13	25498815	25542625
ENSG00000232217	13	98639204	98639470
ENSG00000222969	13	98856089	98856446
ENSG00000263399	13	98860778	98860854
ENSG00000269189	13	98885904	98886954
ENSG00000269599	13	98981909	98985490
ENSG00000251299	13	25517713	25518636
ENSG00000231194	13	99087659	99088094
ENSG00000271437	13	99205497	99206034
ENSG00000232858	13	25562715	25563063
ENSG00000224418	13	99229498	99231084
ENSG00000256305	13	25715794	25716046
ENSG00000217686	13	99262546	99263130
ENSG00000234056	13	25746966	25754217
ENSG00000233549	13	99281940	99282243
ENSG00000238169	13	25755579	25763898
ENSG00000233662	13	99293068	99293493
ENSG00000225105	13	25767245	25784433
ENSG00000243366	13	99324234	99324529
ENSG00000235315	13	25780187	25780644
ENSG00000229918	13	99484338	99486883
ENSG00000221324	13	25820669	25820753
ENSG00000260509	13	25874262	25875576
ENSG00000231981	13	99601973	99602701
ENSG00000234152	13	25939937	25940293
ENSG00000265546	13	26027137	26027428
ENSG00000207298	13	99677488	99677599
ENSG00000199767	13	26091257	26091363
ENSG00000260992	13	99740073	99740879
ENSG00000180803	13	26437388	26437805
ENSG00000230871	13	99825847	99826744
ENSG00000242381	13	26518632	26518891
ENSG00000223158	13	26524842	26524959
ENSG00000231983	13	26626414	26627523
ENSG00000234005	13	99842833	99843245
ENSG00000228889	13	99848631	99852964
ENSG00000233963	13	26688547	26728313
ENSG00000201793	13	99857962	99858260
ENSG00000218502	13	99867626	99868012
ENSG00000207719	13	100008385	100008482
ENSG00000234706	13	26691686	26693102
ENSG00000228808	13	100024427	100024940
ENSG00000271559	13	26803469	26803781
ENSG00000238241	13	100060035	100061316
ENSG00000227882	13	26808350	26811266
ENSG00000266207	13	100105650	100105723
ENSG00000203441	13	100151981	100153306
ENSG00000234031	13	27151023	27151812
ENSG00000212197	13	100188573	100188650
ENSG00000234168	13	100229366	100232622
ENSG00000237001	13	27180681	27215501
ENSG00000234239	13	100234960	100235434
ENSG00000230256	13	27479499	27479998
ENSG00000223782	13	27551680	27551926
ENSG00000263615	13	100295313	100295403
ENSG00000218198	13	27591688	27592046
ENSG00000227659	13	100342335	100343225
ENSG00000232162	13	27736992	27743272
ENSG00000234303	13	100378501	100379745
ENSG00000230641	13	27746396	27757135
ENSG00000234772	13	27810419	27810948
ENSG00000201245	13	100436111	100436237
ENSG00000238305	13	100436308	100436411
ENSG00000207500	13	27829201	27829272
ENSG00000260738	13	100647153	100650163
ENSG00000207051	13	27829538	27829663
ENSG00000221756	13	27894150	27894296
ENSG00000225999	13	100680023	100680428
ENSG00000252247	13	27917785	27917883
ENSG00000229609	13	27947485	27948503
ENSG00000236554	13	100714550	100715855
ENSG00000201242	13	27976613	27976724
ENSG00000203602	13	28008286	28008752
ENSG00000252499	13	28062275	28062369
ENSG00000228501	13	100802735	100803346
ENSG00000226703	13	28270530	28271341
ENSG00000270632	13	100850441	100850723
ENSG00000207330	13	28402900	28403006
ENSG00000234650	13	101116694	101133411
ENSG00000247381	13	28407581	28495541
ENSG00000260704	13	28527663	28529507
ENSG00000242360	13	28563435	28563721
ENSG00000224356	13	101187995	101232371
ENSG00000271026	13	28641724	28642471
ENSG00000235115	13	28681568	28682014
ENSG00000234354	13	101192089	101192528
ENSG00000261485	13	28710980	28712330
ENSG00000237082	13	101276129	101276683
ENSG00000232587	13	28788650	28790034
ENSG00000200840	13	28806638	28806744
ENSG00000233009	13	101360579	101711638
ENSG00000235472	13	29172970	29174189
ENSG00000202237	13	29277839	29277944
ENSG00000214051	13	101408805	101409313
ENSG00000233588	13	29296523	29298158
ENSG00000229599	13	101593116	101596618
ENSG00000236339	13	29352695	29353074
ENSG00000272349	13	102369198	102369728
ENSG00000221670	13	29796699	29796778
ENSG00000201155	13	102431234	102431398
ENSG00000236758	13	29813516	29824691
ENSG00000215399	13	102454228	102454838
ENSG00000265164	13	102619992	102620096
ENSG00000223460	13	29880915	29881922
ENSG00000229975	13	102654475	102655660
ENSG00000270680	13	29913703	29914006
ENSG00000201690	13	102669303	102669419
ENSG00000179141	13	30050652	30064242
ENSG00000264482	13	102698284	102698354
ENSG00000236860	13	102915396	102915552
ENSG00000236258	13	30440096	30440306
ENSG00000224329	13	30446750	30462542
ENSG00000243319	13	102944677	103046869
ENSG00000224405	13	30492784	30500788
ENSG00000234445	13	103019889	103026016
ENSG00000122043	13	30510042	30524625
ENSG00000272143	13	103046980	103048053
ENSG00000266505	13	30596158	30597937
ENSG00000270581	13	103053821	103054807
ENSG00000261057	13	103241722	103242163
ENSG00000224511	13	30677315	30683012
ENSG00000269942	13	103331776	103332308
ENSG00000232117	13	30726023	30733758
ENSG00000238869	13	103374152	103374255
ENSG00000231633	13	103395340	103397574
ENSG00000232643	13	30728203	30728723
ENSG00000222301	13	103472343	103472419
ENSG00000266816	13	30780753	30780836
ENSG00000252928	13	30855902	30856006
ENSG00000250878	13	103532449	103548383
ENSG00000215049	13	30870284	30870872
ENSG00000272542	13	103541208	103542184
ENSG00000236463	13	30890497	30894040
ENSG00000234551	13	104077550	104080035
ENSG00000230474	13	104096970	104097318
ENSG00000225823	13	105466678	105467420
ENSG00000232307	13	106111404	106158030
ENSG00000238121	13	30914407	30951282
ENSG00000226620	13	106356629	106416789
ENSG00000225039	13	30993656	30996374
ENSG00000252550	13	106549872	106549992
ENSG00000236444	13	31002084	31002656
ENSG00000222643	13	106780720	106780837
ENSG00000222682	13	106807721	106807839
ENSG00000213411	13	31113734	31117598
ENSG00000233532	13	107028911	107030565
ENSG00000232489	13	31115780	31117034
ENSG00000174418	13	107078121	107078470
ENSG00000224117	13	31127807	31128830
ENSG00000272274	13	107270158	107283707
ENSG00000230156	13	107306264	107324511
ENSG00000237879	13	31377343	31384782
ENSG00000227590	13	107315785	107316195
ENSG00000174408	13	107516164	107516634
ENSG00000224743	13	31456070	31507983
ENSG00000196777	13	107594562	107594907
ENSG00000239050	13	107627286	107627374
ENSG00000221316	13	107773381	107773471
ENSG00000201847	13	107973243	107973311
ENSG00000221650	13	108183519	108183596
ENSG00000221473	13	108288379	108288464
ENSG00000227248	13	108440690	108487799
ENSG00000223177	13	108953560	108953679
ENSG00000232087	13	109132574	109134165
ENSG00000229938	13	109753609	109754267
ENSG00000236094	13	31456688	31457532
ENSG00000236242	13	109816250	109853831
ENSG00000238185	13	31547426	31551760
ENSG00000223617	13	109934321	109940081
ENSG00000230403	13	31569299	31570275
ENSG00000236053	13	109962483	109964121
ENSG00000231894	13	31651391	31689836
ENSG00000229792	13	110053043	110053988
ENSG00000234854	13	110380629	110382354
ENSG00000229427	13	31885426	31887058
ENSG00000255813	13	110407168	110407615
ENSG00000201161	13	110567443	110567767
ENSG00000231428	13	110705632	110707299
ENSG00000229715	13	32420978	32527609
ENSG00000265885	13	110750200	110750498
ENSG00000238629	13	111066552	111066653
ENSG00000224821	13	111108743	111115634
ENSG00000235822	13	32559822	32565134
ENSG00000237637	13	32599451	32605776
ENSG00000232814	13	111154922	111160526
ENSG00000230633	13	32872291	32872849
ENSG00000255831	13	111291555	111292340
ENSG00000215515	13	32958797	32960245
ENSG00000225239	13	111415021	111415480
ENSG00000259831	13	111462023	111465431
ENSG00000212293	13	32994527	32994653
ENSG00000270008	13	32999495	33007091
ENSG00000229152	13	111547406	111551519
ENSG00000229800	13	33051411	33052978
ENSG00000227105	13	111589106	111592131
ENSG00000225760	13	111635654	111642911
ENSG00000225870	13	111748185	111755444
ENSG00000235875	13	111766159	111768025
ENSG00000207325	13	33337576	33337690
ENSG00000226968	13	33451569	33485788
ENSG00000233644	13	111774999	111796611
ENSG00000227352	13	111796652	111797080
ENSG00000227604	13	33528195	33528539
ENSG00000221677	13	33615489	33615580
ENSG00000215881	13	112248356	112294426
ENSG00000230300	13	33732724	33738546
ENSG00000226903	13	112554299	112555490
ENSG00000264989	13	112563079	112563148
ENSG00000200072	13	112706392	112706452
ENSG00000260385	13	112737863	112739785
ENSG00000229520	13	112760409	112761196
ENSG00000224243	13	112761433	112762329
ENSG00000260102	13	112851664	112855314
ENSG00000260343	13	112967781	112976072
ENSG00000223626	13	112976881	112985539
ENSG00000264726	13	113372159	113372228
ENSG00000232684	13	113399763	113409007
ENSG00000234603	13	113539551	113539994
ENSG00000236581	13	33845516	33855471
ENSG00000267868	13	113619149	113620445
ENSG00000235280	13	113621798	113623138
ENSG00000269356	13	113663092	113663738
ENSG00000269376	13	113663985	113664633
ENSG00000231882	13	113782469	113783194
ENSG00000230371	13	113784730	113786368
ENSG00000269125	13	113819316	113819497
ENSG00000232662	13	113930931	113932049
ENSG00000225083	13	114005988	114016183
ENSG00000233613	13	114123216	114130450
ENSG00000202347	13	114133230	114133393
ENSG00000227208	13	114451484	114454062
ENSG00000233695	13	114518603	114542321
ENSG00000272695	13	114567141	114569806
ENSG00000227911	13	33907816	33909414
ENSG00000237699	13	114580581	114582349
ENSG00000264288	13	33911020	33911109
ENSG00000230490	13	33929343	34250905
ENSG00000226921	13	114581673	114586624
ENSG00000234535	13	34185104	34185659
ENSG00000232986	13	34231573	34234065
ENSG00000252397	13	34403676	34403786
ENSG00000263663	13	34486129	34486218
ENSG00000227254	13	34656566	34657447
ENSG00000229373	13	114586640	114626485
ENSG00000199196	13	34674848	34674975
ENSG00000271850	13	34922180	35188307
ENSG00000225179	13	35009587	35214822
ENSG00000260910	13	114629487	114631817
ENSG00000271901	13	35120066	35245319
ENSG00000232487	13	114873044	114874295
ENSG00000231910	13	35148341	35148803
ENSG00000264539	13	115009980	115010036
ENSG00000261728	13	35499971	35502213
ENSG00000265450	13	115039303	115039383
ENSG00000232795	13	35759431	35760816
ENSG00000226158	13	115072121	115072541
ENSG00000234835	13	35825207	35825966
ENSG00000229723	13	115095034	115099423
ENSG00000221519	13	36068551	36068674
ENSG00000236036	13	36271661	36273393
ENSG00000207203	13	36841305	36841411
ENSG00000266047	13	36929928	36930015
ENSG00000223383	13	37064215	37064578
ENSG00000222602	13	37302739	37302829
ENSG00000235306	13	37314178	37315000
ENSG00000223543	13	37316015	37316602
ENSG00000215486	13	37363469	37369187
ENSG00000271337	13	37378335	37379439
ENSG00000236711	13	37423503	37424183
ENSG00000228825	13	37496676	37497045
ENSG00000232378	13	37500575	37501356
ENSG00000226161	13	37512537	37513631
ENSG00000221100	13	37608814	37608929
ENSG00000202395	13	37740489	37740795
ENSG00000230283	13	37794997	37795383
ENSG00000230390	13	38055604	38058906
ENSG00000199276	13	38428989	38429107
ENSG00000228036	13	38567222	38568857
ENSG00000223685	13	38624954	38717369
ENSG00000236354	13	39107480	39119436
ENSG00000229437	13	39150777	39153131
ENSG00000234701	13	39191556	39192077
ENSG00000252795	13	39353561	39353653
ENSG00000212049	13	39364781	39364891
ENSG00000225350	13	39395935	39401707
ENSG00000225221	13	39476524	39476787
ENSG00000235550	13	39496864	39510336
ENSG00000214823	13	39743773	39744088
ENSG00000238408	13	40021252	40021353
ENSG00000216014	13	40226715	40226806
ENSG00000264171	13	40238171	40238272
ENSG00000200526	13	40359552	40359647
ENSG00000224351	13	40391878	40392186
ENSG00000270444	13	40430847	40431231
ENSG00000212553	13	40431272	40431364
ENSG00000230710	13	40755946	40763165
ENSG00000271429	13	40798762	40798999
ENSG00000207458	13	40800964	40801069
ENSG00000230058	13	40918094	40924440
ENSG00000252812	13	40981259	40981577
ENSG00000215483	13	41025131	41055143
ENSG00000229456	13	41192875	41195485
ENSG00000211491	13	41301964	41302011
ENSG00000207652	13	41384902	41384997
ENSG00000168852	13	41396432	41495890
ENSG00000176268	13	41437735	41438038
ENSG00000239827	13	41482295	41495910
ENSG00000229473	13	41566915	41567467
ENSG00000264226	13	41675155	41675236
ENSG00000244264	13	41696012	41696305
ENSG00000215482	13	41744836	41745284
ENSG00000238651	13	41754117	41754223
ENSG00000225133	13	41773968	41774943
ENSG00000231404	13	41861877	41862456
ENSG00000223280	13	41928693	41928795
ENSG00000214222	13	41958909	41959319
ENSG00000205240	13	42005425	42006446
ENSG00000234655	13	42013952	42015035
ENSG00000215480	13	42016906	42017786
ENSG00000263907	13	42019427	42019503
ENSG00000263928	13	42020193	42020261
ENSG00000264042	13	42024148	42024235
ENSG00000264190	13	42142422	42142531
ENSG00000241406	13	42381813	42382108
ENSG00000206962	13	42479254	42479360
ENSG00000229696	13	42499734	42501485
ENSG00000226093	13	42577566	42577773
ENSG00000231530	13	42617863	42618383
ENSG00000237263	13	42643068	42645229
ENSG00000265679	13	42747126	42747223
ENSG00000270809	13	42755601	42756057
ENSG00000234213	13	42830009	42830711
ENSG00000233259	13	42943374	42943793
ENSG00000271216	13	43384502	43386698
ENSG00000229546	13	43416550	43417023
ENSG00000238025	13	43507994	43509028
ENSG00000229928	13	43732767	43733602
ENSG00000232540	13	43968661	43968961
ENSG00000238189	13	44032601	44033259
ENSG00000233821	13	44118054	44122192
ENSG00000270522	13	44361727	44361988
ENSG00000233725	13	44482850	44604597
ENSG00000179611	13	44542560	44545335
ENSG00000226519	13	44680514	44711372
ENSG00000227258	13	44716682	44813010
ENSG00000235285	13	44720606	44732358
ENSG00000230731	13	44808254	44817328
ENSG00000237361	13	44974386	44980120
ENSG00000225727	13	45011343	45026963
ENSG00000230793	13	45168994	45170218
ENSG00000238932	13	45202705	45202809
ENSG00000237585	13	45225948	45275152
ENSG00000235097	13	45373639	45383766
ENSG00000223732	13	45556212	45657260
ENSG00000265802	13	45576285	45576580
ENSG00000223341	13	45634864	45635221
ENSG00000271818	13	45697228	45697549
ENSG00000252055	13	45711997	45712100
ENSG00000270381	13	45837825	45838050
ENSG00000221163	13	45874149	45874235
ENSG00000253051	13	45910449	45910582
ENSG00000199477	13	45911615	45911744
ENSG00000273149	13	45914174	45915318
ENSG00000170919	13	45915480	45965872
ENSG00000228886	13	45924458	45925485
ENSG00000214455	13	45964486	45965402
ENSG00000251015	13	45992297	45994506
ENSG00000229303	13	46010256	46010795
ENSG00000200709	13	46125620	46125738
ENSG00000232786	13	46126998	46127271
ENSG00000228869	13	46245980	46246526
ENSG00000235366	13	46255225	46256554
ENSG00000237876	13	46261683	46262604
ENSG00000235903	13	46626941	46687467
ENSG00000240767	13	46743594	46743883
ENSG00000238483	13	46809805	46809908
ENSG00000252854	13	46824077	46824348
ENSG00000251106	13	46844212	46844752
ENSG00000261097	13	46870580	46871979
ENSG00000223336	13	46948536	46948725
ENSG00000252385	13	46984589	46984692
ENSG00000241353	13	46917102	47012325
ENSG00000231817	13	47029270	47060641
ENSG00000227019	13	47034744	47035256
ENSG00000205105	13	47064997	47065397
ENSG00000230243	13	47079253	47079571
ENSG00000224517	13	47426278	47430434
ENSG00000234590	13	47881217	47881436
ENSG00000244521	13	48033078	48033369
ENSG00000234145	13	48337595	48338741
ENSG00000229423	13	48340775	48341220
ENSG00000228573	13	48399465	48410091
ENSG00000234689	13	48479464	48481492
ENSG00000260388	13	48504290	48506757
ENSG00000227848	13	48575525	48576688
ENSG00000229111	13	48651273	48654127
ENSG00000224510	13	48708494	48708670
ENSG00000231473	13	48870649	48877797
ENSG00000238086	13	48890999	48894611
ENSG00000177197	13	48902220	48902700
ENSG00000233456	13	49144775	49147453
ENSG00000233610	13	49151110	49152224
ENSG00000222391	13	49326225	49326292
ENSG00000225131	13	49345264	49345965
ENSG00000265585	13	49504256	49504348
ENSG00000201662	13	49562051	49562153
ENSG00000223724	13	49618215	49620930
ENSG00000199788	13	49669527	49669628
ENSG00000235957	13	49761615	49761806
ENSG00000231665	13	49784558	49786430
ENSG00000236577	13	50063106	50063500
ENSG00000176882	13	50194450	50194784
ENSG00000203547	13	50243040	50243254
ENSG00000222148	13	50463770	50463864
ENSG00000181358	13	50464727	50467134
ENSG00000200064	13	50482770	50482866
ENSG00000264526	13	50526670	50526750
ENSG00000264864	13	50570551	50570637
ENSG00000231607	13	50601269	50699856
ENSG00000208006	13	50623109	50623197
ENSG00000214359	13	50673467	50674004
ENSG00000232150	13	50746225	50747317
ENSG00000223676	13	50935546	50935899
ENSG00000221198	13	50937284	50937373
ENSG00000229323	13	51095069	51101585
ENSG00000237152	13	51381992	51423190
ENSG00000200711	13	51387124	51387242
ENSG00000233672	13	51450822	51484848
ENSG00000123201	13	51568647	51654998
ENSG00000222920	13	51601883	51601988
ENSG00000226792	13	51656984	51746524
ENSG00000214878	13	51735859	51736493
ENSG00000271242	13	51770017	51770217
ENSG00000266072	13	51922703	51922775
ENSG00000269965	13	51935701	51936371
ENSG00000270101	13	51936795	51937579
ENSG00000236778	13	52026503	52126500
ENSG00000224892	13	52028300	52035451
ENSG00000243900	13	52043886	52044181
ENSG00000229906	13	52070156	52070387
ENSG00000266611	13	52126725	52126803
ENSG00000252141	13	52139548	52139645
ENSG00000206920	13	52160560	52160668
ENSG00000242893	13	52168057	52168351
ENSG00000224451	13	52172552	52173596
ENSG00000231856	13	52378433	52387356
ENSG00000232872	13	52482354	52484757
ENSG00000236044	13	52540878	52541285
ENSG00000217576	13	52741844	52865692
ENSG00000243406	13	52741844	52768600
ENSG00000272281	13	52793479	52908412
ENSG00000271564	13	52908430	52916031
ENSG00000199605	13	52974139	52974234
ENSG00000235660	13	53058296	53058815
ENSG00000244471	13	53063128	53073440
ENSG00000198384	13	53063128	53161222
ENSG00000250299	13	53191693	53211581
ENSG00000211579	13	53384179	53384274
ENSG00000150276	13	53394632	53395153
ENSG00000237092	13	53720674	53725943
ENSG00000225510	13	53774116	53776547
ENSG00000241613	13	53832212	53832505
ENSG00000220990	13	53941980	53942091
ENSG00000261517	13	54389554	54450254
ENSG00000234787	13	54689924	54707001
ENSG00000271652	13	54690611	54690986
ENSG00000136149	13	55014839	55015450
ENSG00000266699	13	55380002	55380092
ENSG00000264387	13	55748589	55748683
ENSG00000228611	13	56573334	56574582
ENSG00000228319	13	56788507	56791076
ENSG00000238455	13	57133758	57133859
ENSG00000201665	13	57459418	57459736
ENSG00000271140	13	57747587	57747766
ENSG00000230009	13	57778513	57778933
ENSG00000234421	13	57888873	57890043
ENSG00000225352	13	57965305	57965652
ENSG00000202422	13	58565484	58565598
ENSG00000232954	13	58785831	58807251
ENSG00000222733	13	59101789	59101885
ENSG00000214335	13	59102749	59105160
ENSG00000223717	13	59325181	59326367
ENSG00000214281	13	59584466	59584738
ENSG00000232647	13	59645596	59645937
ENSG00000271190	13	59836814	59837525
ENSG00000239003	13	60054204	60054266
ENSG00000227528	13	60586885	60618491
ENSG00000265745	13	60608601	60608896
ENSG00000223815	13	60718832	60727639
ENSG00000202151	13	60761872	60761964
ENSG00000227336	13	60788486	60789080
ENSG00000238213	13	60848910	60850140
ENSG00000212054	13	61026838	61026919
ENSG00000223076	13	61187742	61187868
ENSG00000236608	13	61211022	61212231
ENSG00000225249	13	61259333	61268662
ENSG00000206854	13	61363694	61363795
ENSG00000253018	13	61390831	61390923
ENSG00000227510	13	61491176	61494141
ENSG00000266663	13	61773932	61774014
ENSG00000212007	13	62334417	62334509
ENSG00000234033	13	62379283	62379809
ENSG00000270856	13	62501223	62501405
ENSG00000229578	13	62578226	62603681
ENSG00000230142	13	62798230	62824080
ENSG00000227611	13	62895438	62896531
ENSG00000229307	13	62897790	62902966
ENSG00000232105	13	62902121	62902517
ENSG00000271465	13	62980191	62981049
ENSG00000228669	13	63246418	63306492
ENSG00000227564	13	63757234	63801189
ENSG00000231061	13	64241814	64312151
ENSG00000215430	13	64316498	64316945
ENSG00000237378	13	64322132	64325213
ENSG00000202478	13	64357934	64358037
ENSG00000213232	13	64385147	64385741
ENSG00000219926	13	64402973	64418258
ENSG00000215432	13	64411166	64411589
ENSG00000272299	13	64411428	64412164
ENSG00000237849	13	64549584	64550555
ENSG00000227674	13	64560504	64650144
ENSG00000214269	13	65532229	65533528
ENSG00000214266	13	65883987	65885085
ENSG00000236565	13	66362064	66362896
ENSG00000221685	13	66438305	66438398
ENSG00000234767	13	66440306	66452351
ENSG00000263581	13	66540462	66540561
ENSG00000263561	13	66792382	66792456
ENSG00000235737	13	66843129	66844590
ENSG00000234527	13	66878003	66897693
ENSG00000238500	13	67204847	67204908
ENSG00000228842	13	67399301	67489163
ENSG00000225263	13	67551564	67559908
ENSG00000233840	13	67565018	67576139
ENSG00000214263	13	67840977	67841838
ENSG00000230040	13	67946519	67954108
ENSG00000271287	13	68364539	68364926
ENSG00000227969	13	68406008	68406959
ENSG00000231667	13	68476487	68477374
ENSG00000226537	13	68485219	68486080
ENSG00000234765	13	68863811	68865412
ENSG00000229910	13	68875737	68877434
ENSG00000236433	13	68905470	68905745
ENSG00000230405	13	69208322	69208618
ENSG00000229824	13	69228704	69229182
ENSG00000243671	13	69267938	69268213
ENSG00000232380	13	69559190	69560196
ENSG00000225501	13	69675964	69676188
ENSG00000237534	13	69796478	69866286
ENSG00000235221	13	69885465	69896233
ENSG00000224640	13	69982348	69982867
ENSG00000207495	13	70377072	70377173
ENSG00000232314	13	70468233	70469217
ENSG00000230223	13	70681345	70713561
ENSG00000202433	13	71033596	71033702
ENSG00000226554	13	71497796	71498587
ENSG00000226846	13	71589273	71742549
ENSG00000225801	13	71870342	71871367
ENSG00000236534	13	72249199	72249601
ENSG00000237816	13	72278313	72278787
ENSG00000233460	13	72420113	72420449
ENSG00000232881	13	72487842	72488316
ENSG00000200037	13	72552226	72552344
ENSG00000212377	13	73028040	73028105
ENSG00000227952	13	73034270	73034467
ENSG00000251715	13	73034657	73034739
ENSG00000199282	13	73160818	73160948
ENSG00000226617	13	73277831	73278276
ENSG00000206922	13	73280155	73280261
ENSG00000220981	13	73425226	73425307
ENSG00000199381	13	73455246	73455352
ENSG00000232041	13	73610539	73610986
ENSG00000236972	13	73674713	73675123
ENSG00000200267	13	73687052	73687155
ENSG00000265959	13	73698849	73698947
ENSG00000201253	13	73765665	73765804
ENSG00000206697	13	73801284	73801397
ENSG00000229708	13	73981905	73982489
ENSG00000224853	13	73987610	74222390
ENSG00000228295	13	74138381	74162207
ENSG00000235532	13	74805594	74834113
ENSG00000206617	13	74863237	74863351
ENSG00000232701	13	74951300	74952088
ENSG00000226240	13	74993310	75009296
ENSG00000236678	13	75117975	75139582
ENSG00000225944	13	75402690	75404217
ENSG00000206812	13	75683724	75683830
ENSG00000226665	13	75710291	75711077
ENSG00000266534	13	75783114	75783173
ENSG00000214249	13	75812080	75814432
ENSG00000223880	13	75824616	75826148
ENSG00000225203	13	75949647	75951430
ENSG00000261553	13	76123909	76381256
ENSG00000261105	13	76178836	76210130
ENSG00000228444	13	76205407	76206271
ENSG00000230902	13	76262692	76263333
ENSG00000223458	13	76452849	76455263
ENSG00000261206	13	76506531	76509268
ENSG00000224933	13	76587159	76588637
ENSG00000243274	13	76709067	76709360
ENSG00000264908	13	77460456	77460535
ENSG00000118903	13	77502200	77502970
ENSG00000233873	13	77555310	77556051
ENSG00000228002	13	77559003	77562078
ENSG00000236051	13	77649649	77672677
ENSG00000229521	13	77654646	77655325
ENSG00000224347	13	78173890	78180686
ENSG00000206800	13	78197507	78197607
ENSG00000227922	13	78233548	78233799
ENSG00000266325	13	78272147	78272251
ENSG00000225579	13	78402357	78408085
ENSG00000234377	13	78493824	79191463
ENSG00000233379	13	78513297	78519009
ENSG00000243035	13	78521628	78521907
ENSG00000236133	13	78563507	78564781
ENSG00000229249	13	78587018	78627730
ENSG00000235625	13	78849855	78851649
ENSG00000271386	13	78859973	78860423
ENSG00000200686	13	78929362	78929463
ENSG00000229865	13	78996958	78997327
ENSG00000224686	13	79062317	79062648
ENSG00000271776	13	79170264	79173754
ENSG00000263868	13	79239973	79240065
ENSG00000237109	13	79335310	79335786
ENSG00000225427	13	79361454	79366442
ENSG00000215357	13	79423366	79425343
ENSG00000230584	13	79483054	79484677
ENSG00000236277	13	79664918	79668254
ENSG00000226670	13	79740254	79741020
ENSG00000252496	13	79963669	79963766
ENSG00000227354	13	79980444	79998463
ENSG00000232132	13	80051499	80055366
ENSG00000227676	13	80140881	80144983
ENSG00000229011	13	80378553	80379820
ENSG00000229175	13	80446721	80492079
ENSG00000202398	13	80943561	80943669
ENSG00000227862	13	81193233	81194202
ENSG00000226683	13	81228890	81231162
ENSG00000231222	13	81462483	81463002
ENSG00000229246	13	81617805	81618577
ENSG00000270415	13	81689001	81689430
ENSG00000238980	13	81778398	81778491
ENSG00000260094	13	81800000	81801118
ENSG00000229309	13	81824573	81876542
ENSG00000222486	13	81839882	81839972
ENSG00000237148	13	81847026	81847305
ENSG00000214182	13	82264046	82265207
ENSG00000237099	13	83397266	83398271
ENSG00000270400	13	83719675	83720038
ENSG00000222791	13	83872206	83872302
ENSG00000215037	13	84481436	84481916
ENSG00000224188	13	84594462	84594897
ENSG00000228597	13	85094238	85095703
ENSG00000232447	13	85095860	85098050
ENSG00000233349	13	85136499	85137371
ENSG00000226370	13	85639222	85653055
ENSG00000226317	13	85937736	86118705
ENSG00000207012	13	86158883	86158988
ENSG00000228241	13	86543134	86543668
ENSG00000232252	13	86634948	86745025
ENSG00000214181	13	86927755	86929524
ENSG00000231879	13	87377755	87378308
ENSG00000233528	13	87564173	87589271
ENSG00000228074	13	87871259	87871524
ENSG00000228473	13	88031727	88032513
ENSG00000232636	13	88079455	88099490
ENSG00000228824	13	88079469	88323514
ENSG00000272515	13	88260162	88261489
ENSG00000266052	13	88270920	88270995
ENSG00000223404	13	88453291	88456063
ENSG00000272046	13	88459889	88463487
ENSG00000232204	13	88542427	88544727
ENSG00000231019	13	88795122	88888337
ENSG00000223059	13	88840114	88840175
ENSG00000225289	13	88888802	88889224
ENSG00000229443	13	89193119	89197764
ENSG00000261666	13	89279107	89282651
ENSG00000233211	13	89630701	89631039
ENSG00000232225	13	89867101	89889144
ENSG00000227247	13	89901072	89902354
ENSG00000234660	13	89925457	89932494
ENSG00000225530	13	90013414	90015478
ENSG00000226037	13	90129862	90152763
ENSG00000236176	13	90200945	90206058
ENSG00000271395	13	90203487	90204643
ENSG00000234227	13	90485411	90486195
ENSG00000200733	13	90489424	90489491
ENSG00000215418	13	90644085	90645132
ENSG00000261446	13	90712506	90771973
ENSG00000252696	13	90787966	90788095
ENSG00000235879	13	90823120	90824053
ENSG00000224419	13	90882638	90883936
ENSG00000207858	13	90883436	90883531
ENSG00000234384	13	91145541	91187334
ENSG00000251753	13	91434020	91434123
ENSG00000231674	13	91543208	91578851
ENSG00000227983	13	91675986	91676208
ENSG00000234625	13	91739508	91741847
ENSG00000229557	13	91779867	91783661
ENSG00000214178	13	91924335	91924831
ENSG00000215417	13	92000074	92006833
ENSG00000252508	13	92712097	92712222
ENSG00000229287	13	92832968	92833138
ENSG00000232885	13	92992047	92992856
ENSG00000236240	13	93136859	93162347
ENSG00000263741	13	93142416	93142473
ENSG00000235984	13	93353642	93373867
ENSG00000198033	13	19747910	19755992
ENSG00000121388	13	19756173	19761496
ENSG00000132958	13	19997017	20110903
ENSG00000196199	13	20207788	20247599
ENSG00000121390	13	20248896	20357142
ENSG00000269591	13	20268547	20269240
ENSG00000132950	13	20397622	20437776
ENSG00000121741	13	20532810	20665968
ENSG00000121743	13	20712394	20735188
ENSG00000165474	13	20761609	20767037
ENSG00000121742	13	20796110	20806534
ENSG00000165475	13	20977806	21099996
ENSG00000032742	13	21140585	21265503
ENSG00000172458	13	21276266	21297237
ENSG00000150456	13	21302870	21348097
ENSG00000132953	13	21351469	21477187
ENSG00000150457	13	21547171	21635686
ENSG00000150459	13	21714653	21723221
ENSG00000165480	13	21727734	21750741
ENSG00000173141	13	21750784	21753223
ENSG00000180776	13	21950263	22033509
ENSG00000165487	13	22066836	22178353
ENSG00000102678	13	22245522	22278637
ENSG00000102683	13	23755091	23899304
ENSG00000151835	13	23902965	24007841
ENSG00000127863	13	24144509	24250232
ENSG00000027001	13	24304328	24463558
ENSG00000268735	13	24322243	24323901
ENSG00000205863	13	24465238	24476794
ENSG00000273167	13	24553839	24895169
ENSG00000182957	13	24553944	24881212
ENSG00000240654	13	24881304	24896673
ENSG00000205850	13	24895264	24895566
ENSG00000102699	13	24995064	25086948
ENSG00000075673	13	25254549	25285921
ENSG00000132972	13	25338290	25454059
ENSG00000151849	13	25457171	25497018
ENSG00000269099	13	25591541	25591675
ENSG00000151846	13	25670300	25673389
ENSG00000165566	13	25735822	25746426
ENSG00000139505	13	25802307	25862147
ENSG00000139496	13	25875662	25923938
ENSG00000132932	13	25946209	26599989
ENSG00000215549	13	26442061	26455095
ENSG00000268344	13	26452422	26452679
ENSG00000180730	13	26618735	26625169
ENSG00000127870	13	26706253	26796791
ENSG00000132964	13	26828276	26979375
ENSG00000132970	13	27131840	27263085
ENSG00000132975	13	27329341	27334922
ENSG00000152484	13	27640293	27746033
ENSG00000122026	13	27825446	27830828
ENSG00000122035	13	27844464	27847827
ENSG00000122034	13	27998681	28009958
ENSG00000122033	13	28009776	28024739
ENSG00000139517	13	28120050	28194541
ENSG00000186184	13	28194903	28241548
ENSG00000169840	13	28366780	28368905
ENSG00000139515	13	28494157	28500368
ENSG00000180389	13	28519343	28519727
ENSG00000165556	13	28536274	28545276
ENSG00000183463	13	28551851	28562791
ENSG00000122025	13	28577411	28674729
ENSG00000152520	13	28712643	28869475
ENSG00000102755	13	28874489	29069265
ENSG00000132963	13	29233241	29253062
ENSG00000139508	13	29274201	29293107
ENSG00000132938	13	29598748	30077892
ENSG00000139514	13	30083547	30169825
ENSG00000122042	13	30338508	30424821
ENSG00000102781	13	30776767	30881621
ENSG00000189403	13	31032884	31191734
ENSG00000132952	13	31191830	31233686
ENSG00000132965	13	31309645	31338556
ENSG00000102802	13	31480328	31499709
ENSG00000175664	13	31506840	31549639
ENSG00000120694	13	31710762	31736525
ENSG00000187676	13	31774073	31906413
ENSG00000133105	13	32313674	32377009
ENSG00000073910	13	32605437	32870794
ENSG00000189167	13	32877837	32889481
ENSG00000139618	13	32889611	32973805
ENSG00000139597	13	32974861	33002315
ENSG00000244754	13	33006554	33112970
ENSG00000083642	13	33160564	33352157
ENSG00000133116	13	33590207	33640282
ENSG00000133121	13	33677272	33924767
ENSG00000133119	13	34392186	34540695
ENSG00000172915	13	35516424	36247159
ENSG00000180660	13	36047926	36050832
ENSG00000133083	13	36345478	36705443
ENSG00000120669	13	36742345	36871979
ENSG00000250709	13	36742931	36871979
ENSG00000242715	13	36801182	36871977
ENSG00000133104	13	36875775	36944317
ENSG00000120664	13	36920568	36943738
ENSG00000133101	13	37005967	37017019
ENSG00000180440	13	37248049	37271976
ENSG00000133111	13	37393361	37403241
ENSG00000120693	13	37418968	37494902
ENSG00000120697	13	37523912	37574398
ENSG00000120699	13	37572953	37583750
ENSG00000102710	13	37583449	37633850
ENSG00000180138	13	37677398	37679803
ENSG00000133110	13	38136720	38172981
ENSG00000133107	13	38210773	38444562
ENSG00000120686	13	38923986	38937140
ENSG00000150893	13	39261266	39460074
ENSG00000133115	13	39540062	39565203
ENSG00000120685	13	39584003	39612252
ENSG00000188811	13	39612443	39624246
ENSG00000183722	13	39917029	40177665
ENSG00000133103	13	40229764	40365802
ENSG00000269120	13	41111138	41111323
ENSG00000150907	13	41129804	41240734
ENSG00000102738	13	41303432	41345309
ENSG00000102743	13	41363548	41384247
ENSG00000120690	13	41506056	41635576
ENSG00000120688	13	41635410	41658137
ENSG00000165572	13	41701705	41706882
ENSG00000120696	13	41763969	41768702
ENSG00000120662	13	41790505	41837742
ENSG00000172766	13	41885341	41951166
ENSG00000102760	13	42031695	42045018
ENSG00000102763	13	42140973	42535256
ENSG00000102780	13	42614176	42830714
ENSG00000023516	13	42846289	42897396
ENSG00000120659	13	43136872	43182149
ENSG00000179813	13	43355686	43365683
ENSG00000133106	13	43460524	43566407
ENSG00000120675	13	43597339	43683045
ENSG00000120658	13	43787654	44361044
ENSG00000151773	13	44398045	44453827
ENSG00000179630	13	44453420	44468068
ENSG00000139656	13	44717679	44735393
ENSG00000151778	13	44947801	44971850
ENSG00000102804	13	45007655	45151283
ENSG00000083635	13	45513384	45563618
ENSG00000133114	13	45563687	45607746
ENSG00000188342	13	45694650	45858237
ENSG00000180332	13	45766988	45775175
ENSG00000133112	13	45911008	45915505
ENSG00000174032	13	45967451	45992590
ENSG00000136152	13	46039060	46110765
ENSG00000165837	13	46108657	46189874
ENSG00000174015	13	46276446	46288694
ENSG00000215475	13	46354405	46425871
ENSG00000123200	13	46528600	46626894
ENSG00000080618	13	46627321	46679211
ENSG00000136167	13	46700055	46786006
ENSG00000173988	13	46786083	46851501
ENSG00000102445	13	46916139	47012325
ENSG00000136141	13	47127303	47327175
ENSG00000139684	13	47345391	47371367
ENSG00000102468	13	47405685	47471169
ENSG00000136143	13	48510622	48612125
ENSG00000136159	13	48611703	48621358
ENSG00000136146	13	48627459	48669267
ENSG00000136156	13	48807294	48837063
ENSG00000139687	13	48877887	49056122
ENSG00000139679	13	48963707	49018840
ENSG00000136161	13	49063095	49107369
ENSG00000152207	13	49280951	49283498
ENSG00000102531	13	49550048	49783915
ENSG00000102539	13	49794474	49796513
ENSG00000102543	13	49822047	49867618
ENSG00000102547	13	49882786	50018262
ENSG00000215462	13	50007495	50020554
ENSG00000136169	13	50018429	50069138
ENSG00000136147	13	50069746	50103123
ENSG00000136144	13	50106082	50159719
ENSG00000152213	13	50202435	50208008
ENSG00000123179	13	50234859	50265611
ENSG00000102753	13	50273447	50367057
ENSG00000123178	13	50486842	50510626
ENSG00000204977	13	50570024	50594617
ENSG00000198553	13	50589390	50595058
ENSG00000176124	13	50656307	51297372
ENSG00000186047	13	51285144	51418075
ENSG00000136104	13	51483814	51544592
ENSG00000150510	13	51796503	51858377
ENSG00000253309	13	51909909	51938871
ENSG00000102786	13	51928213	52028400
ENSG00000139668	13	52158644	52336171
ENSG00000102796	13	52342129	52378293
ENSG00000123171	13	52436117	52440366
ENSG00000123191	13	52506809	52585630
ENSG00000253710	13	52586534	52603800
ENSG00000253797	13	52598827	52607736
ENSG00000197168	13	52611093	52703214
ENSG00000136098	13	52706775	52733996
ENSG00000136114	13	52951305	52980629
ENSG00000136100	13	52986737	53024763
ENSG00000136108	13	53029564	53050763
ENSG00000139675	13	53191605	53217919
ENSG00000165416	13	53226844	53275044
ENSG00000136110	13	53277399	53313947
ENSG00000136099	13	53418109	53422775
ENSG00000102837	13	53602894	53626192
ENSG00000204919	13	57715052	57718073
ENSG00000204918	13	57721622	57724643
ENSG00000229665	13	57728195	57731216
ENSG00000227151	13	57734766	57737787
ENSG00000234278	13	57741331	57744352
ENSG00000118946	13	58205944	58303445
ENSG00000139734	13	60239717	60738121
ENSG00000083544	13	60970591	61148012
ENSG00000197991	13	61983818	62002220
ENSG00000226974	13	64320934	64321323
ENSG00000184226	13	66876967	67804468
ENSG00000150361	13	70274726	70682591
ENSG00000165659	13	72012098	72441330
ENSG00000204899	13	73282495	73301825
ENSG00000136122	13	73302061	73330336
ENSG00000083520	13	73329540	73356234
ENSG00000083535	13	73356197	73590591
ENSG00000102554	13	73629114	73651676
ENSG00000118922	13	74260226	74708394
ENSG00000177596	13	74987094	74993252
ENSG00000136111	13	75858808	76056250
ENSG00000188243	13	76099350	76123575
ENSG00000118939	13	76123619	76180085
ENSG00000136153	13	76194570	76434004
ENSG00000178734	13	76445187	76457947
ENSG00000178695	13	77454312	77460540
ENSG00000102794	13	77522632	77532777
ENSG00000102805	13	77564795	77576652
ENSG00000005812	13	77566740	77601330
ENSG00000005810	13	77618792	77901185
ENSG00000136155	13	78109809	78219398
ENSG00000139737	13	78272023	78338377
ENSG00000136160	13	78469616	78493903
ENSG00000152192	13	79172497	79177673
ENSG00000152193	13	79188426	79233314
ENSG00000139746	13	79885962	79980612
ENSG00000102471	13	80055287	80130210
ENSG00000136158	13	80910111	80915086
ENSG00000178235	13	84451344	84456528
ENSG00000184564	13	86366925	86373623
ENSG00000165300	13	88324870	88331871
ENSG00000179399	13	92050929	93519490
ENSG00000183098	13	93879095	95059655
ENSG00000080166	13	95089558	95131936
ENSG00000088451	13	95226308	95248511
ENSG00000152749	13	95254157	95286899
ENSG00000125285	13	95361886	95364389
ENSG00000125257	13	95672083	95953687
ENSG00000134873	13	96085858	96232013
ENSG00000134874	13	96230457	96296957
ENSG00000102580	13	96329393	96447243
ENSG00000102595	13	96453834	96705736
ENSG00000185352	13	96743093	97485671
ENSG00000165621	13	97637973	97646984
ENSG00000139793	13	97873688	98046374
ENSG00000125249	13	98086476	98121382
ENSG00000065150	13	98605912	98676551
ENSG00000152767	13	98794816	99102027
ENSG00000139797	13	98828039	98829519
ENSG00000102572	13	99102455	99230194
ENSG00000088386	13	99336055	99404908
ENSG00000088387	13	99445741	99738879
ENSG00000134882	13	99853028	100038688
ENSG00000125245	13	99906968	99913998
ENSG00000169508	13	99946784	99959659
ENSG00000125304	13	100153671	100216260
ENSG00000125246	13	100258919	100549387
ENSG00000139800	13	100615218	100624163
ENSG00000043355	13	100634026	100639018
ENSG00000175198	13	100741269	101182686
ENSG00000134864	13	101183810	101241782
ENSG00000125247	13	101256181	101327347
ENSG00000102452	13	101706130	102068843
ENSG00000198542	13	102104966	102375456
ENSG00000102466	13	102372134	103054124
ENSG00000134900	13	103249353	103331521
ENSG00000139780	13	103338094	103346854
ENSG00000175820	13	103381801	103389159
ENSG00000151287	13	103418340	103426161
ENSG00000134901	13	103436631	103451357
ENSG00000134897	13	103451399	103493885
ENSG00000270181	13	103459704	103524748
ENSG00000134899	13	103497194	103528345
ENSG00000125255	13	103696350	103719196
ENSG00000182346	13	106118216	106143383
ENSG00000125266	13	107142079	107187462
ENSG00000134884	13	107194021	107220512
ENSG00000204442	13	107820883	108519083
ENSG00000174405	13	108859787	108870716
ENSG00000139826	13	108870727	108886603
ENSG00000102524	13	108903588	108960832
ENSG00000041515	13	109248500	109860355
ENSG00000185950	13	110406184	110438915
ENSG00000187498	13	110801318	110959496
ENSG00000134871	13	110958159	111165374
ENSG00000139832	13	111175417	111214080
ENSG00000213995	13	111267881	111292340
ENSG00000134905	13	111293759	111365950
ENSG00000153487	13	111365083	111373421
ENSG00000255874	13	111521578	111522162
ENSG00000088448	13	111530887	111567416
ENSG00000102606	13	111766906	111958084
ENSG00000153495	13	111968531	111996596
ENSG00000204398	13	112240548	112324955
ENSG00000182968	13	112721913	112726020
ENSG00000153498	13	113030633	113089003
ENSG00000126216	13	113139325	113242481
ENSG00000197595	13	113301358	113338811
ENSG00000068650	13	113344643	113541482
ENSG00000126217	13	113548692	113754053
ENSG00000268130	13	113755563	113756608
ENSG00000057593	13	113760105	113774995
ENSG00000126218	13	113777128	113803843
ENSG00000126231	13	113812968	113826694
ENSG00000126226	13	113831891	113863029
ENSG00000139842	13	113862552	113919399
ENSG00000185896	13	113951556	113977987
ENSG00000139835	13	113978505	114018446
ENSG00000153531	13	114076260	114107839
ENSG00000150401	13	114110134	114145267
ENSG00000150403	13	114145310	114204542
ENSG00000198176	13	114239013	114295785
ENSG00000186009	13	114303119	114312501
ENSG00000185974	13	114321470	114440708
ENSG00000184497	13	114462216	114514926
ENSG00000183087	13	114523522	114567046
ENSG00000185989	13	114747194	114898086
ENSG00000130177	13	115000362	115038198
ENSG00000169062	13	115047059	115071283
ENSG00000198824	13	115079988	115092796
ENSG00000215604	13	19041312	19059588
ENSG00000270496	13	19066044	19066559
ENSG00000231238	13	19114637	19124837
ENSG00000233905	13	19183272	19183842
ENSG00000229788	13	19184438	19185815
ENSG00000235876	13	19239375	19241361
ENSG00000231914	13	19246967	19250303
ENSG00000226361	13	19254634	19255846
ENSG00000228797	13	19271143	19271647
ENSG00000236169	13	19292907	19293869
ENSG00000230931	13	19298555	19299044
ENSG00000204718	13	19300846	19301554
ENSG00000227784	13	19308220	19309036
ENSG00000244155	13	19315870	19316858
ENSG00000227568	13	19381419	19382158
ENSG00000225016	13	19383970	19384188
ENSG00000206192	13	19390858	19446107
ENSG00000242756	13	19411908	19412238
ENSG00000227332	13	19433967	19434882
ENSG00000223024	13	19443325	19443431
ENSG00000206787	13	19454194	19454297
ENSG00000235500	13	19466400	19469370
ENSG00000226250	13	19479579	19481950
ENSG00000231358	13	19496029	19497905
ENSG00000226057	13	19520895	19636858
ENSG00000232685	13	19582399	19586699
ENSG00000229375	13	19589627	19593476
ENSG00000187721	13	19600138	19606766
ENSG00000226619	13	19601977	19602841
ENSG00000252287	13	19662627	19662721
ENSG00000224778	13	19700539	19713751
ENSG00000252675	13	19717122	19717217
ENSG00000234894	13	19725694	19726447
ENSG00000229147	13	19726707	19745334
ENSG00000227879	13	19775777	19801572
ENSG00000232243	13	19836937	19838013
ENSG00000237636	13	19864733	19918965
ENSG00000215349	13	19878733	19879765
ENSG00000236834	13	19919189	19920889
ENSG00000224976	13	19923277	19982102
ENSG00000231184	13	19956348	19957525
ENSG00000229791	13	19982182	19983669
ENSG00000237164	13	19985371	19990328
ENSG00000223625	13	20032538	20032858
ENSG00000232894	13	20126711	20144428
ENSG00000215572	13	20134153	20135409
ENSG00000238132	13	20137729	20139040
ENSG00000225316	13	20161258	20162490
ENSG00000257110	13	20247071	20247197
ENSG00000226352	13	20248764	20250024
ENSG00000265624	13	20311117	20311394
ENSG00000233469	13	20392261	20392759
ENSG00000223576	13	20415967	20417812
ENSG00000238665	13	20449327	20449425
ENSG00000266230	13	20504944	20505031
ENSG00000237672	13	20644390	20646276
ENSG00000236076	13	20676840	20677369
ENSG00000226633	13	20753117	20753601
ENSG00000260131	13	20755670	20756081
ENSG00000263978	13	21007917	21007985
ENSG00000238286	13	21181407	21182270
ENSG00000222726	13	21186300	21186477
ENSG00000265710	13	21277842	21277922
ENSG00000203614	13	21286570	21288285
ENSG00000233524	13	21321174	21322196
ENSG00000236704	13	21495803	21497372
ENSG00000233780	13	21512703	21523738
ENSG00000234363	13	21530318	21530582
ENSG00000213621	13	21535449	21536334
ENSG00000238893	13	21543457	21543555
ENSG00000251902	13	21573506	21573606
ENSG00000233851	13	21579296	21592261
ENSG00000201821	13	21612668	21612806
ENSG00000180172	13	21668457	21668853
ENSG00000225585	13	21677142	21678510
ENSG00000252128	13	21714025	21714096
ENSG00000263607	13	21716330	21716629
ENSG00000271250	13	21790694	21790799
ENSG00000233405	13	21808707	21809343
ENSG00000235438	13	21834154	21867568
ENSG00000229137	13	21861545	21868998
ENSG00000233325	13	21872278	21880512
ENSG00000224429	13	21877654	21922860
ENSG00000215571	13	21893231	21895005
ENSG00000235076	13	21932512	21933453
ENSG00000222747	13	21943929	21944038
ENSG00000236953	13	21951116	21952013
ENSG00000226908	13	22057973	22058313
ENSG00000238878	13	22101939	22102039
ENSG00000230022	13	22104829	22105462
ENSG00000207518	13	22125443	22125549
ENSG00000226525	13	22202552	22203154
ENSG00000244197	13	22364676	22364982
ENSG00000226722	13	22446909	22449705
ENSG00000237175	13	22673302	22673683
ENSG00000226118	13	22687258	22687477
ENSG00000232187	13	23270162	23270713
ENSG00000225777	13	23278878	23280345
ENSG00000253094	13	23377284	23377363
ENSG00000237952	13	23377435	23377787
ENSG00000226507	13	23411165	23412019
ENSG00000231650	13	23424240	23424700
ENSG00000229556	13	23425912	23428277
ENSG00000240341	13	23453264	23453338
ENSG00000262619	13	23468795	23490508
ENSG00000230535	13	23471480	23472144
ENSG00000234685	13	23489790	23490662
ENSG00000262198	13	23492730	23498741
