ENSG00000230233	21	19986749	20022678
ENSG00000265841	21	20058408	20058482
ENSG00000221041	21	20076689	20076772
ENSG00000198618	21	20230097	20230594
ENSG00000232193	21	20290252	20308177
ENSG00000226204	21	20325582	20339376
ENSG00000235965	21	20418629	20420003
ENSG00000229289	21	20502841	20506741
ENSG00000226818	21	20616860	20618709
ENSG00000231620	21	20673930	20676056
ENSG00000212609	21	20717465	20717629
ENSG00000230198	21	20966155	20966422
ENSG00000271486	21	20993009	20993859
ENSG00000229336	21	21112023	21112464
ENSG00000215353	21	21131673	21132442
ENSG00000233480	21	21265593	21272069
ENSG00000233236	21	21629065	21631133
ENSG00000251851	21	21728060	21728164
ENSG00000252963	21	21728965	21729208
ENSG00000233676	21	21760646	21761157
ENSG00000234439	21	21797261	21798518
ENSG00000233206	21	21802755	21803074
ENSG00000224924	21	22114908	22175534
ENSG00000215351	21	22200445	22200940
ENSG00000226771	21	22595616	22599150
ENSG00000221210	21	22770068	22770146
ENSG00000234730	21	22939084	22987758
ENSG00000198434	21	23006773	23007049
ENSG00000237527	21	23027359	23058649
ENSG00000238265	21	23095613	23109639
ENSG00000233997	21	23119293	23169735
ENSG00000227075	21	23305635	23348000
ENSG00000233215	21	23381263	23470778
ENSG00000184856	21	23470936	23488847
ENSG00000234340	21	23507018	23508403
ENSG00000231136	21	23526270	23526619
ENSG00000202339	21	23577511	23577651
ENSG00000226043	21	23582258	23793139
ENSG00000223488	21	23808610	23810669
ENSG00000169861	21	10862622	10863067
ENSG00000234034	21	23872924	23892377
ENSG00000263796	21	24052992	24053286
ENSG00000225906	21	24254903	24256321
ENSG00000230972	21	24437813	24503528
ENSG00000219368	21	24462350	24464153
ENSG00000231058	21	24473545	24475396
ENSG00000223078	21	24654058	24654231
ENSG00000228592	21	24733426	24757182
ENSG00000223822	21	24762579	24763317
ENSG00000237569	21	24779978	24781448
ENSG00000166157	21	10906201	11029719
ENSG00000199698	21	24804501	24804602
ENSG00000227716	21	24849960	24863043
ENSG00000231986	21	25261114	25262857
ENSG00000235564	21	25333220	25339588
ENSG00000226996	21	25415572	25422601
ENSG00000224018	21	25527484	25560655
ENSG00000224832	21	25676863	25693690
ENSG00000237484	21	25801054	25920256
ENSG00000256715	21	14741931	14745386
ENSG00000166351	21	14982498	15013906
ENSG00000269011	21	15051621	15053459
ENSG00000188992	21	15481134	15583166
ENSG00000185272	21	15588451	15600693
ENSG00000226983	21	26212864	26430059
ENSG00000227090	21	26258990	26275070
ENSG00000230379	21	26310745	26365129
ENSG00000237444	21	26403318	26403842
ENSG00000244278	21	26427848	26442219
ENSG00000155304	21	15743436	15755805
ENSG00000232512	21	26467335	26475983
ENSG00000223870	21	26499782	26507561
ENSG00000222042	21	26541745	26706139
ENSG00000238627	21	26574521	26574629
ENSG00000155307	21	15857549	15955723
ENSG00000243440	21	15964251	16031142
ENSG00000180530	21	16333556	16437321
ENSG00000238660	21	26711319	26711413
ENSG00000213885	21	26734135	26734745
ENSG00000185433	21	26758133	26804013
ENSG00000238314	21	26842421	26842513
ENSG00000229962	21	26887785	26890650
ENSG00000234883	21	26934221	26947480
ENSG00000260583	21	26955082	26955638
ENSG00000237731	21	27015801	27016528
ENSG00000227054	21	27064492	27064866
ENSG00000235514	21	27135249	27135644
ENSG00000233783	21	27306373	27315001
ENSG00000251972	21	27315359	27315460
ENSG00000224541	21	27530409	27548142
ENSG00000273492	21	27543189	27589700
ENSG00000206802	21	27563026	27563132
ENSG00000229025	21	27722099	27722953
ENSG00000232692	21	27750871	27844017
ENSG00000155313	21	17102344	17252377
ENSG00000197934	21	27765954	27941571
ENSG00000273115	21	27832222	27832533
ENSG00000223563	21	28261695	28312061
ENSG00000266133	21	28326280	28326362
ENSG00000215326	21	28515663	28516268
ENSG00000231236	21	28731204	28820898
ENSG00000236332	21	28733483	28768106
ENSG00000232560	21	18811208	18821503
ENSG00000154639	21	18884700	18965897
ENSG00000154640	21	18965971	18985265
ENSG00000233300	21	28739333	28740266
ENSG00000217026	21	28792699	28793342
ENSG00000219592	21	28864437	28864580
ENSG00000234052	21	29011012	29025810
ENSG00000225298	21	29094698	29123552
ENSG00000234083	21	29327240	29357614
ENSG00000178457	21	29385682	29395552
ENSG00000232079	21	29420733	29509930
ENSG00000154642	21	19161284	19191703
ENSG00000154645	21	19273580	19639690
ENSG00000154646	21	19641433	19858197
ENSG00000236532	21	29488413	29600986
ENSG00000154654	21	22370633	22915650
ENSG00000232855	21	29811667	30047170
ENSG00000226935	21	29911640	29912677
ENSG00000251894	21	30115530	30115613
ENSG00000215005	21	30259602	30261594
ENSG00000215317	21	30274101	30276019
ENSG00000176054	21	30369934	30370354
ENSG00000273254	21	30396576	30397211
ENSG00000231125	21	30430394	30432416
ENSG00000232687	21	30500022	30500509
ENSG00000201984	21	30511604	30511705
ENSG00000212479	21	30552747	30552960
ENSG00000224649	21	30554348	30560116
ENSG00000215533	21	30565801	30660526
ENSG00000236056	21	30594642	30595578
ENSG00000248476	21	30723955	30734215
ENSG00000273017	21	30731323	30731774
ENSG00000154719	21	26957968	26979829
ENSG00000232118	21	30742340	30743547
ENSG00000228817	21	30742944	30746029
ENSG00000239171	21	30761707	30761810
ENSG00000234293	21	30868367	30872706
ENSG00000273464	21	31029726	31030151
ENSG00000174680	21	31120494	31136321
ENSG00000259981	21	31462035	31470154
ENSG00000227342	21	31581469	31584101
ENSG00000225267	21	31635698	31636199
ENSG00000154721	21	27011584	27089874
ENSG00000250973	21	31728833	31729203
ENSG00000265007	21	31747612	31747696
ENSG00000233640	21	31808784	31809282
ENSG00000237841	21	31882625	31882815
ENSG00000235312	21	31886931	31887117
ENSG00000218125	21	31898864	31899019
ENSG00000236612	21	31909597	31909700
ENSG00000256818	21	31964786	31965076
ENSG00000236400	21	32114098	32114913
ENSG00000238257	21	32135000	32135200
ENSG00000233036	21	32174560	32174745
ENSG00000227840	21	32179250	32179437
ENSG00000184586	21	32201357	32202078
ENSG00000256386	21	32201362	32202051
ENSG00000228941	21	32432919	32435487
ENSG00000237325	21	32824779	32825536
ENSG00000237594	21	32931558	32932800
ENSG00000230870	21	32999440	33000913
ENSG00000154723	21	27088815	27107984
ENSG00000154727	21	27106881	27144771
ENSG00000234509	21	33025906	33031813
ENSG00000238390	21	33036619	33036795
ENSG00000273271	21	33039041	33039560
ENSG00000229046	21	33078868	33079177
ENSG00000273091	21	33108045	33108720
ENSG00000234107	21	33212653	33213170
ENSG00000237138	21	33393279	33394095
ENSG00000230323	21	33452629	33570125
ENSG00000264055	21	33524217	33524320
ENSG00000261610	21	33632115	33633896
ENSG00000227256	21	33650174	33653299
ENSG00000232623	21	33678775	33681048
ENSG00000242871	21	33714826	33715062
ENSG00000200792	21	33749496	33749631
ENSG00000229007	21	33869122	33869621
ENSG00000252045	21	33910609	33910744
ENSG00000252950	21	33935385	33935520
ENSG00000186842	21	33944548	33948191
ENSG00000228433	21	33993359	33994406
ENSG00000238220	21	33996726	33997406
ENSG00000238197	21	34100426	34115433
ENSG00000224427	21	34213806	34214121
ENSG00000207098	21	34214171	34214305
ENSG00000232360	21	34216677	34222244
ENSG00000227757	21	34285957	34443410
ENSG00000228961	21	34331196	34332874
ENSG00000232539	21	34430135	34437289
ENSG00000226527	21	34484005	34496009
ENSG00000226433	21	34528938	34531416
ENSG00000223799	21	34636178	34638565
ENSG00000272659	21	34681796	34682486
ENSG00000226501	21	34706877	34707402
ENSG00000266892	21	34836773	34836865
ENSG00000215088	21	34853887	34854502
ENSG00000231355	21	34854806	34856565
ENSG00000233956	21	34890917	34891415
ENSG00000237945	21	35287838	35349992
ENSG00000244294	21	35291350	35291642
ENSG00000142192	21	27252861	27543446
ENSG00000166265	21	27838528	27945603
ENSG00000273102	21	35339403	35340874
ENSG00000272657	21	35445892	35732332
ENSG00000224598	21	35507732	35508371
ENSG00000154734	21	28208066	28217728
ENSG00000227456	21	35552978	35562220
ENSG00000154736	21	28290231	28338832
ENSG00000214955	21	35577356	35697334
ENSG00000266007	21	35677430	35677493
ENSG00000225555	21	35743101	35747647
ENSG00000273104	21	35784498	35784885
ENSG00000272958	21	35797806	35798315
ENSG00000221398	21	35828408	35828535
ENSG00000230978	21	36096105	36109478
ENSG00000234380	21	36118054	36157183
ENSG00000156239	21	30244513	30257693
ENSG00000234703	21	36508935	36511519
ENSG00000223671	21	36844393	36844730
ENSG00000231300	21	36972030	36972320
ENSG00000230794	21	37085437	37105240
ENSG00000211590	21	37093013	37093106
ENSG00000229761	21	37097045	37097398
ENSG00000234008	21	37259365	37260724
ENSG00000231106	21	37377636	37380136
ENSG00000214914	21	37388377	37388844
ENSG00000189089	21	37422512	37423675
ENSG00000236677	21	37432730	37436706
ENSG00000200213	21	37438843	37438950
ENSG00000230212	21	37441940	37498938
ENSG00000236119	21	37455157	37462712
ENSG00000233393	21	37477179	37481988
ENSG00000226054	21	37502669	37504208
ENSG00000236830	21	37504065	37528615
ENSG00000198862	21	30300466	30365270
ENSG00000156253	21	30376705	30391699
ENSG00000214889	21	37504748	37505330
ENSG00000228149	21	37541268	37542478
ENSG00000265882	21	37585858	37586136
ENSG00000238851	21	37630724	37630829
ENSG00000214867	21	37667471	37668000
ENSG00000273199	21	37692090	37692968
ENSG00000228107	21	37732928	37734338
ENSG00000224421	21	37761176	37761410
ENSG00000230479	21	37802658	37853368
ENSG00000156256	21	30396950	30426809
ENSG00000233818	21	37818029	37904706
ENSG00000223741	21	37858281	37859709
ENSG00000231324	21	38004979	38009331
ENSG00000224269	21	38071073	38073864
ENSG00000237646	21	38176285	38178585
ENSG00000199806	21	38224211	38224328
ENSG00000270652	21	38315567	38316425
ENSG00000224790	21	38338812	38344128
ENSG00000207416	21	38359039	38359151
ENSG00000215734	21	38366943	38367375
ENSG00000212136	21	38417830	38417936
ENSG00000270116	21	38473114	38473643
ENSG00000228677	21	38559967	38566227
ENSG00000230366	21	38580804	38594037
ENSG00000263969	21	38587906	38588202
ENSG00000242553	21	38593720	38610045
ENSG00000272948	21	38640085	38640785
ENSG00000273210	21	38737779	38738234
ENSG00000233213	21	39089405	39091872
ENSG00000264691	21	39334968	39335068
ENSG00000223608	21	39378846	39382920
ENSG00000238581	21	39559551	39559656
ENSG00000270835	21	39576638	39577700
ENSG00000233316	21	39578250	39580738
ENSG00000226012	21	39609139	39610123
ENSG00000231123	21	39610149	39610586
ENSG00000231231	21	39695557	39705343
ENSG00000156261	21	30428126	30446118
ENSG00000231480	21	39874369	39874545
ENSG00000223806	21	40110945	40119384
ENSG00000229986	21	40218171	40220568
ENSG00000205622	21	40249215	40328392
ENSG00000229925	21	40260696	40275829
ENSG00000272015	21	40266709	40266791
ENSG00000227721	21	40266841	40267176
ENSG00000234035	21	40285093	40287072
ENSG00000232837	21	40346355	40349700
ENSG00000235888	21	40360633	40378079
ENSG00000237721	21	40378574	40383255
ENSG00000237609	21	40400461	40401053
ENSG00000228861	21	40499494	40499966
ENSG00000235701	21	40543056	40544032
ENSG00000272991	21	40556395	40556825
ENSG00000232608	21	40588550	40589432
ENSG00000237373	21	40589019	40591731
ENSG00000229623	21	40607312	40607946
ENSG00000255568	21	40685887	40686886
ENSG00000238141	21	40687633	40695144
ENSG00000252915	21	40716463	40716554
ENSG00000238556	21	40717300	40717383
ENSG00000227406	21	40745689	40748992
ENSG00000235808	21	40860253	40860686
ENSG00000156265	21	30449792	30548210
ENSG00000228349	21	40863470	40863824
ENSG00000235012	21	40897510	40901782
ENSG00000156273	21	30566392	31003071
ENSG00000225330	21	41002198	41098012
ENSG00000231713	21	41099682	41102607
ENSG00000263973	21	41584279	41584358
ENSG00000235123	21	41755010	41757285
ENSG00000207147	21	41885071	41885206
ENSG00000221396	21	41949429	41949538
ENSG00000233756	21	41987304	42002693
ENSG00000230859	21	42235920	42236399
ENSG00000226496	21	42513427	42520060
ENSG00000171189	21	30909254	31312351
ENSG00000183653	21	30968360	31003067
ENSG00000156282	21	31538241	31538971
ENSG00000156284	21	31586324	31588391
ENSG00000188694	21	31653629	31655276
ENSG00000232263	21	31661463	31661832
ENSG00000197683	21	31691452	31692607
ENSG00000206107	21	31709331	31710012
ENSG00000186980	21	31720717	31720924
ENSG00000182816	21	31743709	31744557
ENSG00000198390	21	31768392	31769136
ENSG00000240432	21	31797583	31798286
ENSG00000186971	21	31802572	31803216
ENSG00000263681	21	42539484	42539556
ENSG00000225745	21	42548249	42558715
ENSG00000186970	21	31812597	31813070
ENSG00000184351	21	31852018	31852663
ENSG00000224388	21	42552024	42552553
ENSG00000228318	21	42813321	42814669
ENSG00000186965	21	31859362	31859755
ENSG00000207503	21	42911133	42911253
ENSG00000232806	21	42931052	42934885
ENSG00000244025	21	31863782	31864275
ENSG00000223400	21	42948062	42953246
ENSG00000252771	21	43024746	43024843
ENSG00000186967	21	31869142	31869451
ENSG00000227702	21	43099341	43117496
ENSG00000186977	21	31873975	31874435
ENSG00000186925	21	31913854	31914183
ENSG00000236384	21	43131680	43135935
ENSG00000244362	21	31933194	31933633
ENSG00000206106	21	31962424	31962716
ENSG00000212938	21	31964759	31965394
ENSG00000186930	21	31970909	31971219
ENSG00000186924	21	31973414	31973612
ENSG00000184724	21	31985750	31986249
ENSG00000244624	21	31988750	31989003
ENSG00000206105	21	31992946	31993169
ENSG00000184032	21	32007555	32007938
ENSG00000206104	21	32015183	32015455
ENSG00000231068	21	32090843	32091095
ENSG00000187026	21	32119112	32119551
ENSG00000187005	21	32127439	32127746
ENSG00000183640	21	32185016	32185570
ENSG00000182591	21	32252966	32253874
ENSG00000206102	21	32410478	32410795
ENSG00000232401	21	43136596	43137740
ENSG00000236883	21	43159533	43161468
ENSG00000236545	21	43290742	43292163
ENSG00000227698	21	43294865	43297722
ENSG00000251778	21	43302314	43302409
ENSG00000237232	21	43429303	43445060
ENSG00000223262	21	43641283	43641396
ENSG00000216197	21	43720384	43720455
ENSG00000252619	21	43837606	43837702
ENSG00000239930	21	43916649	43917553
ENSG00000231867	21	43928734	43929771
ENSG00000235772	21	43980484	43982044
ENSG00000225431	21	44019390	44035168
ENSG00000235023	21	44068381	44071354
ENSG00000156299	21	32490734	32932290
ENSG00000142168	21	33031935	33041244
ENSG00000225731	21	44153704	44161868
ENSG00000233754	21	44201184	44202343
ENSG00000225218	21	44251150	44256587
ENSG00000233056	21	44336913	44345756
ENSG00000264580	21	44371038	44371124
ENSG00000224100	21	44384749	44385473
ENSG00000232777	21	44535444	44535819
ENSG00000156304	21	33043346	33104388
ENSG00000264009	21	44547630	44547729
ENSG00000236663	21	44560633	44561202
ENSG00000237864	21	44742297	44751919
ENSG00000237989	21	44778027	44782229
ENSG00000225637	21	44783212	44786446
ENSG00000188660	21	44866481	44873773
ENSG00000185186	21	44881974	44899414
ENSG00000223975	21	44885189	44887178
ENSG00000214326	21	44971110	44971481
ENSG00000234289	21	44985070	44985529
ENSG00000234030	21	45203004	45203454
ENSG00000215458	21	45225639	45232448
ENSG00000142149	21	33245628	33416946
ENSG00000159055	21	33640530	33651380
ENSG00000170262	21	33664124	33687095
ENSG00000142207	21	33683329	33765335
ENSG00000256073	21	33765439	33766254
ENSG00000166979	21	33784314	33887707
ENSG00000226543	21	45275771	45276223
ENSG00000199598	21	45339676	45339782
ENSG00000242220	21	33948862	33959683
ENSG00000252606	21	45416203	45416301
ENSG00000213440	21	45466228	45466922
ENSG00000225331	21	45578623	45579959
ENSG00000237604	21	45595372	45596336
ENSG00000232124	21	45621173	45622579
ENSG00000232698	21	45626408	45627282
ENSG00000232010	21	45670696	45671403
ENSG00000241728	21	45748827	45750104
ENSG00000184441	21	45751117	45755734
ENSG00000255902	21	45751119	45751543
ENSG00000232969	21	45759259	45760353
ENSG00000260256	21	45767650	45768178
ENSG00000265590	21	33951132	33984591
ENSG00000230061	21	45834473	45845155
ENSG00000266692	21	45857004	45857058
ENSG00000264452	21	45858918	45858993
ENSG00000229356	21	45870869	45875167
ENSG00000224747	21	45889812	45892399
ENSG00000223431	21	45892778	45893622
ENSG00000227999	21	45893606	45894980
ENSG00000159079	21	33964389	33985176
ENSG00000228709	21	45905460	45910171
ENSG00000235890	21	45926690	45935738
ENSG00000256212	21	46020522	46021649
ENSG00000229880	21	46095785	46098003
ENSG00000236382	21	46122136	46122706
ENSG00000236519	21	46222492	46224632
ENSG00000227039	21	46340966	46349593
ENSG00000273027	21	46349568	46350027
ENSG00000159082	21	34001069	34100359
ENSG00000272825	21	46356218	46356869
ENSG00000234880	21	46409779	46414001
ENSG00000261706	21	46414277	46415100
ENSG00000224930	21	46419122	46424642
ENSG00000235374	21	46491648	46494080
ENSG00000182586	21	46654255	46678645
ENSG00000215447	21	46707967	46711653
ENSG00000223768	21	46713200	46717269
ENSG00000184274	21	46720160	46725172
ENSG00000229382	21	46756622	46758580
ENSG00000237664	21	46758505	46761905
ENSG00000228930	21	46796106	46796297
ENSG00000228355	21	46798116	46799550
ENSG00000224574	21	46827301	46829980
ENSG00000183535	21	46839631	46844985
ENSG00000233922	21	47013568	47017005
ENSG00000159086	21	34106210	34144169
ENSG00000205424	21	47247875	47256333
ENSG00000224413	21	47456966	47459721
ENSG00000228235	21	47472510	47473019
ENSG00000226115	21	47476430	47477481
ENSG00000233767	21	47491999	47492162
ENSG00000227438	21	47513178	47517444
ENSG00000237338	21	47571528	47572561
ENSG00000228404	21	47604993	47608855
ENSG00000223901	21	47640183	47641992
ENSG00000215424	21	47649131	47679304
ENSG00000205930	21	34144411	34266043
ENSG00000205929	21	34162985	34186053
ENSG00000205927	21	34398153	34401504
ENSG00000228137	21	47666804	47667596
ENSG00000239415	21	47671463	47674047
ENSG00000225043	21	47840467	47840948
ENSG00000223692	21	47882384	47889219
ENSG00000202239	21	47945531	47945635
ENSG00000272283	21	47955709	47956003
ENSG00000184221	21	34442450	34444726
ENSG00000230982	21	48073470	48073934
ENSG00000212932	21	48110676	48111157
ENSG00000229086	21	34537776	34542541
ENSG00000159110	21	34602206	34637980
ENSG00000249624	21	34619079	34655517
ENSG00000243646	21	34638663	34669539
ENSG00000142166	21	34696734	34732168
ENSG00000159128	21	34775202	34851655
ENSG00000142188	21	34804792	34852318
ENSG00000177692	21	34860497	34864027
ENSG00000159131	21	34876238	34915797
ENSG00000159140	21	34914924	34949812
ENSG00000159147	21	34931848	34961014
ENSG00000268265	21	34947431	34947645
ENSG00000249209	21	34956993	35284635
ENSG00000205758	21	34961647	35016232
ENSG00000205726	21	35014706	35272165
ENSG00000241837	21	35275757	35288284
ENSG00000243927	21	35445524	35515334
ENSG00000272962	21	35445870	35478561
ENSG00000198743	21	35445870	35478559
ENSG00000159197	21	35736323	35743688
ENSG00000205670	21	35747779	35780164
ENSG00000222018	21	35772615	35773370
ENSG00000243627	21	35791013	35796264
ENSG00000180509	21	35818988	35884573
ENSG00000159200	21	35885440	35987441
ENSG00000159212	21	36041688	36090525
ENSG00000159216	21	36160098	37376965
ENSG00000267812	21	37270353	37270727
ENSG00000268098	21	37402368	37417818
ENSG00000185917	21	37406839	37451687
ENSG00000159228	21	37442239	37445464
ENSG00000159231	21	37507210	37518864
ENSG00000142197	21	37529080	37666572
ENSG00000159256	21	37692487	37758446
ENSG00000159259	21	37757676	37791313
ENSG00000159261	21	37832919	37948867
ENSG00000267976	21	37858165	37860058
ENSG00000159263	21	38071433	38122218
ENSG00000159267	21	38123189	38362536
ENSG00000183145	21	38378450	38391959
ENSG00000185808	21	38431470	38445470
ENSG00000182670	21	38445526	38575413
ENSG00000157538	21	38595721	38640262
ENSG00000157540	21	38738092	38889753
ENSG00000267937	21	38888740	38888973
ENSG00000157542	21	38979678	39288749
ENSG00000184029	21	39323728	39493454
ENSG00000198054	21	39493545	39560110
ENSG00000157551	21	39529128	39679279
ENSG00000157554	21	39751949	40033704
ENSG00000157557	21	40177231	40196879
ENSG00000183527	21	40546695	40555777
ENSG00000185658	21	40556102	40693485
ENSG00000205581	21	40714241	40721573
ENSG00000182093	21	40752170	40800454
ENSG00000157578	21	40777770	40817731
ENSG00000185437	21	40817781	40887433
ENSG00000183778	21	40928369	41045064
ENSG00000184809	21	40969074	40984748
ENSG00000183067	21	41117334	41174023
ENSG00000183036	21	41239243	41301322
ENSG00000171587	21	41382926	42219065
ENSG00000182240	21	42539728	42654445
ENSG00000183844	21	42676139	42729358
ENSG00000183486	21	42733870	42781317
ENSG00000157601	21	42792231	42831141
ENSG00000184012	21	42836478	42903043
ENSG00000183421	21	43159529	43187266
ENSG00000141956	21	43218385	43299591
ENSG00000157617	21	43305221	43373999
ENSG00000173276	21	43406940	43430496
ENSG00000177398	21	43483068	43563563
ENSG00000184385	21	43522244	43528644
ENSG00000160179	21	43619799	43717354
ENSG00000160180	21	43731777	43735761
ENSG00000160181	21	43766466	43771237
ENSG00000160182	21	43782391	43786703
ENSG00000160183	21	43791999	43816955
ENSG00000160185	21	43824008	43867791
ENSG00000160188	21	43892596	43916464
ENSG00000160190	21	43916118	44001550
ENSG00000160191	21	44073746	44195619
ENSG00000160193	21	44263204	44299678
ENSG00000160194	21	44299754	44333414
ENSG00000160199	21	44394620	44453691
ENSG00000160200	21	44473301	44497053
ENSG00000160201	21	44513066	44527697
ENSG00000228120	21	44579176	44582387
ENSG00000160202	21	44589118	44592915
ENSG00000142178	21	44834395	44847008
ENSG00000160207	21	44949072	45079374
ENSG00000160208	21	45079429	45115958
ENSG00000160209	21	45138975	45182188
ENSG00000160213	21	45192393	45196326
ENSG00000160214	21	45209394	45225174
ENSG00000160216	21	45285067	45406417
ENSG00000160218	21	45432200	45526433
ENSG00000241945	21	45527171	45551063
ENSG00000160221	21	45553487	45565605
ENSG00000267913	21	45587818	45593580
ENSG00000160223	21	45642874	45660849
ENSG00000142182	21	45666222	45682099
ENSG00000160224	21	45705721	45718531
ENSG00000141959	21	45719934	45747259
ENSG00000160226	21	45748827	45759285
ENSG00000142185	21	45770046	45862964
ENSG00000160233	21	45875369	45878739
ENSG00000269430	21	45879814	45882078
ENSG00000175894	21	45917775	46131495
ENSG00000182912	21	45937099	45945835
ENSG00000215455	21	45958864	45960078
ENSG00000205445	21	45970240	45971388
ENSG00000212935	21	45977673	45978643
ENSG00000215454	21	45993606	45994987
ENSG00000241123	21	45999332	46000481
ENSG00000188155	21	46011149	46012386
ENSG00000205441	21	46020497	46022091
ENSG00000187766	21	46031996	46032871
ENSG00000221837	21	46047040	46048294
ENSG00000221859	21	46057273	46058370
ENSG00000243489	21	46066331	46067564
ENSG00000212933	21	46074130	46074576
ENSG00000205439	21	46077849	46078258
ENSG00000221864	21	46086106	46086844
ENSG00000187175	21	46101491	46102078
ENSG00000189169	21	46117087	46117959
ENSG00000184787	21	46188955	46221934
ENSG00000184900	21	46225532	46238694
ENSG00000183255	21	46269500	46293752
ENSG00000160255	21	46305868	46351904
ENSG00000183250	21	46352729	46359828
ENSG00000160256	21	46359925	46396904
ENSG00000268856	21	46492796	46492927
ENSG00000197381	21	46493768	46646478
ENSG00000268805	21	46511596	46515493
ENSG00000267857	21	46520728	46534873
ENSG00000186866	21	46683843	46707813
ENSG00000182871	21	46825052	46933634
ENSG00000173638	21	46913486	46964325
ENSG00000183570	21	47063608	47362368
ENSG00000267883	21	47183565	47190005
ENSG00000268040	21	47347679	47352477
ENSG00000142156	21	47401651	47424964
ENSG00000142173	21	47518011	47552763
ENSG00000160282	21	47556176	47575481
ENSG00000160284	21	47581062	47604390
ENSG00000160285	21	47608055	47648738
ENSG00000235878	21	47612391	47613673
ENSG00000160294	21	47655047	47706211
ENSG00000182362	21	47706251	47717665
ENSG00000160298	21	47720095	47743789
ENSG00000160299	21	47744036	47865682
ENSG00000160305	21	47878812	47989926
ENSG00000160307	21	48018875	48025121
ENSG00000160310	21	48055079	48085036
ENSG00000238411	21	9683191	9683272
ENSG00000264462	21	9825832	9826011
ENSG00000264063	21	9826203	9826263
ENSG00000188681	21	9907190	9968585
ENSG00000239179	21	9937696	9937777
ENSG00000239107	21	9937936	9938018
ENSG00000263839	21	10199943	10200025
ENSG00000264002	21	10380380	10380661
ENSG00000252199	21	10385953	10386047
ENSG00000270533	21	10475515	10476061
ENSG00000235476	21	10872119	10872429
ENSG00000223925	21	10899082	10900005
ENSG00000227691	21	10935976	10936167
ENSG00000187172	21	10996026	11098980
ENSG00000231962	21	11153837	11155057
ENSG00000271308	21	11169720	11184046
ENSG00000234643	21	11180920	11181815
ENSG00000229306	21	14371997	14389013
ENSG00000224309	21	14410481	14439354
ENSG00000207097	21	14419904	14420010
ENSG00000168122	21	14467626	14486111
ENSG00000237202	21	14492565	14493128
ENSG00000185390	21	14721586	14722969
ENSG00000175302	21	14756570	14800094
ENSG00000266211	21	14778705	14778781
ENSG00000226930	21	14815694	14861497
ENSG00000219280	21	14848692	14849584
ENSG00000228184	21	14897920	14900900
ENSG00000179381	21	14916603	14917506
ENSG00000228159	21	14918354	14930782
ENSG00000218549	21	14953365	14954325
ENSG00000207476	21	14993898	14994004
ENSG00000266299	21	15017096	15017171
ENSG00000227874	21	15038189	15039867
ENSG00000214319	21	15048343	15049437
ENSG00000229231	21	15134659	15136653
ENSG00000224922	21	15142253	15144061
ENSG00000173231	21	15148407	15149587
ENSG00000232797	21	15164956	15165462
ENSG00000224860	21	15196727	15197956
ENSG00000215562	21	15199017	15199948
ENSG00000234538	21	15211439	15211730
ENSG00000228314	21	15215454	15220685
ENSG00000230965	21	15278281	15278809
ENSG00000215559	21	15281895	15352758
ENSG00000203616	21	15309314	15309646
ENSG00000223287	21	15340810	15340916
ENSG00000266838	21	15357768	15357840
ENSG00000183249	21	15373248	15377600
ENSG00000233442	21	15379455	15387201
ENSG00000224905	21	15399742	15516789
ENSG00000249493	21	15436646	15441408
ENSG00000201812	21	15443192	15443307
ENSG00000240755	21	15515902	15516479
ENSG00000243064	21	15608527	15735075
ENSG00000223662	21	15954523	15970624
ENSG00000232884	21	16119083	16126184
ENSG00000228600	21	16129909	16130673
ENSG00000226751	21	16134031	16135411
ENSG00000225502	21	16146622	16147583
ENSG00000235609	21	16191164	16254296
ENSG00000226406	21	16201475	16202310
ENSG00000235277	21	16290855	16319417
ENSG00000229047	21	16333630	16336554
ENSG00000231201	21	16343791	16365175
ENSG00000236471	21	16439391	16440158
ENSG00000229425	21	16742841	16774624
ENSG00000224524	21	16862849	16863086
ENSG00000224247	21	16866251	16868443
ENSG00000212564	21	16986602	16986708
ENSG00000221497	21	17065527	17065622
ENSG00000226298	21	17066619	17068900
ENSG00000238591	21	17080978	17081077
ENSG00000234159	21	17116323	17117399
ENSG00000252273	21	17407733	17407829
ENSG00000215386	21	17442842	17999716
ENSG00000214976	21	17466735	17467692
ENSG00000224602	21	17493630	17493964
ENSG00000201025	21	17657017	17657089
ENSG00000270071	21	17664112	17680454
ENSG00000270139	21	17789459	17791400
ENSG00000207638	21	17911409	17911489
ENSG00000199030	21	17912143	17912236
ENSG00000269950	21	17947038	17954957
ENSG00000207863	21	17962557	17962645
ENSG00000228798	21	18003146	18013002
ENSG00000270093	21	18015848	18017384
ENSG00000239023	21	18091317	18091476
ENSG00000237735	21	18126838	18188007
ENSG00000232886	21	18235195	18246011
ENSG00000225735	21	18582787	18583665
ENSG00000252462	21	18803865	18803965
ENSG00000252613	21	18824999	18825052
ENSG00000226580	21	18872997	18873142
ENSG00000266195	21	18878771	18879044
ENSG00000232260	21	18890841	18891311
ENSG00000200754	21	18899458	18899565
ENSG00000199962	21	18949116	18949224
ENSG00000226956	21	19031594	19032702
ENSG00000240770	21	19135632	19164840
ENSG00000244676	21	19165805	19183162
ENSG00000231755	21	19207333	19257925
ENSG00000221335	21	19264028	19264116
ENSG00000215369	21	19266510	19266802
ENSG00000227330	21	19394687	19487222
ENSG00000228708	21	19849676	19858917
ENSG00000224141	21	19933583	20132321
