ENSG00000128322	22	23915312	23922495
ENSG00000237689	22	17350368	17352016
ENSG00000189269	22	23950639	23974508
ENSG00000228122	22	17357108	17357311
ENSG00000237358	22	17357442	17357792
ENSG00000225480	22	17378335	17378436
ENSG00000230481	22	17385109	17385586
ENSG00000253691	22	17395125	17395871
ENSG00000253460	22	17402333	17403063
ENSG00000254264	22	17406842	17407334
ENSG00000159496	22	24030323	24041363
ENSG00000253481	22	17414411	17414893
ENSG00000270226	22	17493294	17493822
ENSG00000273082	22	34318410	34318754
ENSG00000236052	22	34413462	34584414
ENSG00000237438	22	17517460	17541715
ENSG00000224404	22	34604130	34605251
ENSG00000273203	22	17548711	17551565
ENSG00000273442	22	17561591	17562346
ENSG00000235328	22	17574502	17574829
ENSG00000235485	22	34985077	34987270
ENSG00000185837	22	17640274	17646335
ENSG00000236325	22	17673826	17674198
ENSG00000269774	22	17690773	17691374
ENSG00000203416	22	17694618	17695045
ENSG00000241832	22	17737749	17747623
ENSG00000234891	22	35099117	35100876
ENSG00000231004	22	17809924	17810122
ENSG00000239547	22	17833773	17834067
ENSG00000229492	22	17897744	17898875
ENSG00000232305	22	17903436	17903823
ENSG00000237316	22	35107899	35120910
ENSG00000228045	22	17997708	17998061
ENSG00000272675	22	18036250	18037847
ENSG00000227895	22	35318599	35468259
ENSG00000236754	22	18062923	18071958
ENSG00000251737	22	18124172	18124285
ENSG00000264757	22	18246946	18247025
ENSG00000233080	22	35515817	35627049
ENSG00000269220	22	18260088	18262247
ENSG00000273068	22	35518654	35523412
ENSG00000093100	22	18270418	18294263
ENSG00000238153	22	35560297	35561340
ENSG00000243453	22	35590692	35590935
ENSG00000238584	22	35645765	35645826
ENSG00000273176	22	35694831	35695534
ENSG00000266320	22	35731633	35731751
ENSG00000233388	22	35897908	35899633
ENSG00000273044	22	35922979	35923462
ENSG00000228587	22	36081987	36085420
ENSG00000226336	22	36099850	36100223
ENSG00000237406	22	36293318	36294452
ENSG00000207780	22	18463634	18463727
ENSG00000235445	22	18465971	18466385
ENSG00000233764	22	36568470	36568827
ENSG00000234913	22	18487036	18490074
ENSG00000237446	22	18501980	18502966
ENSG00000235295	22	18512151	18520734
ENSG00000231576	22	36568982	36569996
ENSG00000225335	22	18559293	18561650
ENSG00000187792	22	24083769	24093279
ENSG00000236890	22	18564232	18564441
ENSG00000235617	22	18584378	18584654
ENSG00000225225	22	18585223	18586415
ENSG00000128218	22	24094930	24096655
ENSG00000237948	22	36570309	36570870
ENSG00000187979	22	18660805	18688682
ENSG00000197421	22	18761178	18830912
ENSG00000225557	22	36571215	36571902
ENSG00000237129	22	36571905	36572574
ENSG00000169314	22	24105208	24108048
ENSG00000229088	22	36574602	36575433
ENSG00000266345	22	36711989	36712246
ENSG00000223695	22	36784671	36792562
ENSG00000237668	22	36817318	36817689
ENSG00000252575	22	36834869	36834971
ENSG00000252225	22	36836925	36837015
ENSG00000228719	22	36841445	36850991
ENSG00000188078	22	36932703	36933651
ENSG00000250479	22	24108021	24110630
ENSG00000229971	22	36948212	36948747
ENSG00000261675	22	36956917	36958962
ENSG00000234688	22	37099963	37117517
ENSG00000234979	22	37212370	37215780
ENSG00000183822	22	37243415	37266483
ENSG00000239056	22	37344522	37344599
ENSG00000239989	22	18781927	18782317
ENSG00000232254	22	37346571	37349764
ENSG00000234764	22	18821207	18821951
ENSG00000215544	22	18843134	18846153
ENSG00000215403	22	37361289	37364213
ENSG00000252412	22	37409266	37409360
ENSG00000099953	22	24110413	24126503
ENSG00000237517	22	18958027	19018755
ENSG00000201078	22	37451073	37451387
ENSG00000231467	22	37476108	37478887
ENSG00000252142	22	37534064	37534123
ENSG00000235237	22	37562797	37578890
ENSG00000226233	22	37611778	37611931
ENSG00000271275	22	18984651	18985108
ENSG00000273032	22	19005347	19007761
ENSG00000255594	22	37621304	37622035
ENSG00000270393	22	19005556	19006429
ENSG00000243902	22	37735624	37823480
ENSG00000273164	22	19010569	19011063
ENSG00000237862	22	37748230	37750879
ENSG00000241527	22	19019077	19022077
ENSG00000272694	22	37767724	37768898
ENSG00000225867	22	37946033	37947742
ENSG00000233360	22	38037839	38054384
ENSG00000267954	22	24124467	24126145
ENSG00000241333	22	38065473	38065746
ENSG00000238569	22	38181533	38181614
ENSG00000207945	22	38240279	38240378
ENSG00000207696	22	38243685	38243781
ENSG00000207227	22	38287354	38287455
ENSG00000272582	22	38346972	38347785
ENSG00000264505	22	38384801	38384860
ENSG00000222044	22	38428172	38430235
ENSG00000273214	22	38439237	38439927
ENSG00000233739	22	38453187	38469947
ENSG00000272720	22	38486134	38487566
ENSG00000256873	22	38616385	38617120
ENSG00000235246	22	38627326	38628254
ENSG00000241693	22	38627726	38627999
ENSG00000265311	22	38670345	38670430
ENSG00000099956	22	24129150	24176703
ENSG00000244627	22	38731767	38794934
ENSG00000229955	22	38783923	38784862
ENSG00000228620	22	38820293	38823341
ENSG00000224279	22	38970936	38971436
ENSG00000230912	22	39062513	39064755
ENSG00000228274	22	39063590	39077825
ENSG00000206739	22	19032769	19032880
ENSG00000273311	22	19033675	19035888
ENSG00000237347	22	19043314	19044025
ENSG00000223461	22	19109042	19112016
ENSG00000229598	22	39118748	39119510
ENSG00000272682	22	19111822	19115962
ENSG00000231086	22	19112392	19113159
ENSG00000257034	22	39127778	39128531
ENSG00000260924	22	19158908	19160352
ENSG00000203583	22	39128914	39129588
ENSG00000230194	22	19225966	19226262
ENSG00000244491	22	39130730	39134770
ENSG00000251940	22	19237396	19237489
ENSG00000230149	22	39130735	39134995
ENSG00000233471	22	19245043	19246329
ENSG00000099958	22	24176690	24181315
ENSG00000273096	22	39132615	39132797
ENSG00000244296	22	19353289	19353565
ENSG00000185065	22	19435416	19437628
ENSG00000225450	22	39135008	39145046
ENSG00000272669	22	39138630	39139120
ENSG00000273300	22	19441702	19442128
ENSG00000273076	22	39139500	39139915
ENSG00000273212	22	19444026	19444485
ENSG00000235209	22	39317232	39320713
ENSG00000230485	22	19618273	19621097
ENSG00000249310	22	39387564	39394214
ENSG00000225007	22	19654546	19655078
ENSG00000259421	22	39466419	39466676
ENSG00000235776	22	19779817	19780617
ENSG00000232926	22	19874812	19875493
ENSG00000225720	22	39487591	39488860
ENSG00000265087	22	19951276	19951357
ENSG00000208023	22	20020662	20020743
ENSG00000226024	22	39516298	39516571
ENSG00000227009	22	39551530	39551950
ENSG00000236540	22	20050503	20058066
ENSG00000224794	22	39688993	39691568
ENSG00000209480	22	39709824	39709916
ENSG00000209482	22	39711218	39711312
ENSG00000263764	22	39715055	39715118
ENSG00000227188	22	39871812	39872827
ENSG00000235647	22	40146132	40147298
ENSG00000268292	22	20052075	20053228
ENSG00000238875	22	40270259	40270519
ENSG00000266567	22	20073269	20073356
ENSG00000226085	22	40271293	40272119
ENSG00000221366	22	20073581	20073665
ENSG00000225528	22	40356401	40360687
ENSG00000243762	22	20098344	20099398
ENSG00000261202	22	40439072	40440534
ENSG00000264346	22	20113925	20114049
ENSG00000249923	22	20186252	20192441
ENSG00000228599	22	40502329	40503070
ENSG00000229999	22	40768668	40784294
ENSG00000236499	22	20193920	20196047
ENSG00000221039	22	20236657	20236734
ENSG00000272834	22	40811007	40811449
ENSG00000161132	22	20287283	20300739
ENSG00000227413	22	40829140	40829645
ENSG00000232564	22	40917804	40922711
ENSG00000273343	22	20305642	20306272
ENSG00000252124	22	40924061	40924137
ENSG00000172912	22	40965290	40965899
ENSG00000273139	22	20308262	20308726
ENSG00000230071	22	40982704	40984007
ENSG00000188424	22	20326328	20350457
ENSG00000231907	22	41069488	41070455
ENSG00000230769	22	41184781	41185271
ENSG00000235578	22	20330726	20331888
ENSG00000233603	22	41194043	41194289
ENSG00000230410	22	20336866	20341114
ENSG00000266594	22	41209887	41209962
ENSG00000238887	22	41310883	41310986
ENSG00000235704	22	20377669	20378803
ENSG00000200683	22	41313747	41313850
ENSG00000222698	22	41441501	41441595
ENSG00000266175	22	41456636	41456705
ENSG00000237214	22	41460056	41460640
ENSG00000206176	22	20378814	20380440
ENSG00000199515	22	41461558	41461650
ENSG00000213857	22	41470184	41471243
ENSG00000221160	22	41488517	41488570
ENSG00000252859	22	41564221	41564320
ENSG00000232754	22	41565194	41579148
ENSG00000231993	22	41570595	41593460
ENSG00000215771	22	41585731	41586192
ENSG00000235513	22	41605126	41613631
ENSG00000199865	22	41773181	41773287
ENSG00000273424	22	41826938	41827379
ENSG00000200332	22	42044093	42044194
ENSG00000207457	22	42075715	42075821
ENSG00000255782	22	42090191	42092048
ENSG00000231261	22	42105229	42105493
ENSG00000252603	22	42118047	42118135
ENSG00000206813	22	42143316	42143417
ENSG00000184068	22	42227219	42230669
ENSG00000207932	22	42296948	42297016
ENSG00000260655	22	42318027	42319104
ENSG00000263463	22	42319226	42319301
ENSG00000205704	22	42348169	42354937
ENSG00000224883	22	42377308	42378221
ENSG00000215347	22	42397073	42397970
ENSG00000238498	22	42472062	42472165
ENSG00000270083	22	42485634	42486032
ENSG00000237037	22	42486935	42535286
ENSG00000133460	22	24198890	24228496
ENSG00000213790	22	42503769	42504957
ENSG00000227370	22	42528550	42529005
ENSG00000232710	22	42532442	42535938
ENSG00000226450	22	42545877	42551007
ENSG00000182057	22	42665759	42671202
ENSG00000233903	22	42672361	42673058
ENSG00000273366	22	42674194	42674852
ENSG00000229891	22	42760406	42765242
ENSG00000230107	22	42834029	42842201
ENSG00000172250	22	42896585	42908566
ENSG00000265106	22	42948194	42948279
ENSG00000182841	22	42951229	42978044
ENSG00000251357	22	24204375	24237410
ENSG00000202058	22	42961054	42961336
ENSG00000251913	22	42965153	42965256
ENSG00000270022	22	43011250	43011913
ENSG00000240972	22	24236191	24237414
ENSG00000200448	22	43158866	43158965
ENSG00000234009	22	43172412	43173302
ENSG00000229608	22	43180468	43183106
ENSG00000226989	22	43249409	43249805
ENSG00000230319	22	43434591	43448372
ENSG00000218537	22	24236613	24241117
ENSG00000234735	22	43488173	43488530
ENSG00000236272	22	43608680	43609667
ENSG00000234892	22	43628147	43635016
ENSG00000203527	22	43671961	43679836
ENSG00000236117	22	43796337	43805687
ENSG00000223843	22	43911997	43932747
ENSG00000133433	22	24299601	24303373
ENSG00000233157	22	44155079	44155790
ENSG00000180150	22	44198424	44198652
ENSG00000261251	22	44208336	44213274
ENSG00000266837	22	44300476	44300561
ENSG00000224856	22	44352907	44353228
ENSG00000236079	22	44809365	44810694
ENSG00000232655	22	44839207	44840668
ENSG00000228807	22	44879375	44879597
ENSG00000099974	22	24309089	24314721
ENSG00000215333	22	44962845	44964127
ENSG00000187012	22	44965219	44968221
ENSG00000234300	22	45002819	45021299
ENSG00000231801	22	45047715	45048259
ENSG00000223730	22	45297427	45298351
ENSG00000230922	22	45396446	45399500
ENSG00000099977	22	24313554	24322660
ENSG00000226328	22	45528901	45559662
ENSG00000273243	22	45551420	45551892
ENSG00000273353	22	45574871	45575191
ENSG00000221598	22	45596835	45596900
ENSG00000273287	22	45658166	45659466
ENSG00000213752	22	45671480	45671966
ENSG00000232363	22	45831744	45844624
ENSG00000238120	22	46000312	46001501
ENSG00000251985	22	46020411	46020512
ENSG00000264160	22	46156404	46156478
ENSG00000235347	22	46188298	46189516
ENSG00000235091	22	46271879	46283628
ENSG00000265610	22	46372758	46372834
ENSG00000273145	22	46409486	46411378
ENSG00000099984	22	24322339	24326106
ENSG00000231711	22	46435787	46440733
ENSG00000273289	22	46448973	46449440
ENSG00000241990	22	46449585	46453090
ENSG00000231010	22	46451620	46454040
ENSG00000235159	22	46463236	46465771
ENSG00000266533	22	46486924	46487006
ENSG00000198986	22	46508629	46508702
ENSG00000264147	22	46509446	46509537
ENSG00000207875	22	46509566	46509648
ENSG00000230634	22	46877226	46877657
ENSG00000234869	22	46937392	46944093
ENSG00000260708	22	47157791	47158460
ENSG00000221672	22	47243803	47243875
ENSG00000224715	22	47741319	47769291
ENSG00000205634	22	48016792	48027318
ENSG00000184674	22	24376133	24384680
ENSG00000224271	22	48027423	48251349
ENSG00000232897	22	48058308	48059352
ENSG00000230345	22	48256420	48257811
ENSG00000235154	22	48440527	48444366
ENSG00000238192	22	48535278	48536818
ENSG00000229275	22	48537359	48539046
ENSG00000266508	22	48670176	48670227
ENSG00000233179	22	48844702	48847029
ENSG00000266887	22	49176107	49176165
ENSG00000251912	22	49210132	49210216
ENSG00000205632	22	49288729	49294198
ENSG00000226142	22	49609837	49610173
ENSG00000264139	22	49937041	49937114
ENSG00000212939	22	49942329	49950121
ENSG00000213279	22	49965912	49969074
ENSG00000235111	22	50006305	50009364
ENSG00000226954	22	50111701	50118154
ENSG00000223142	22	50132325	50132651
ENSG00000214727	22	50151275	50152628
ENSG00000236867	22	50210896	50211360
ENSG00000260613	22	50226264	50231434
ENSG00000229409	22	50239577	50239738
ENSG00000273192	22	50295876	50298224
ENSG00000273188	22	50630153	50630831
ENSG00000273253	22	50637519	50638976
ENSG00000272836	22	50644014	50644491
ENSG00000273137	22	50646890	50647971
ENSG00000227484	22	50753060	50754437
ENSG00000242463	22	50809639	50809923
ENSG00000238604	22	50837249	50837349
ENSG00000272821	22	50962355	50963209
ENSG00000272666	22	50980734	50981335
ENSG00000273272	22	50981079	50981440
ENSG00000226738	22	50984844	50986081
ENSG00000205559	22	51021455	51022306
ENSG00000272940	22	51035581	51036028
ENSG00000212569	22	51108232	51108329
ENSG00000206841	22	51129688	51129791
ENSG00000225929	22	51174253	51176567
ENSG00000254499	22	51179021	51181948
ENSG00000213683	22	51193096	51193862
ENSG00000184319	22	51195376	51239737
ENSG00000099991	22	24407642	24574596
ENSG00000099994	22	24577227	24585078
ENSG00000099998	22	24615622	24641110
ENSG00000215513	22	20383524	20427835
ENSG00000100014	22	24666786	24813708
ENSG00000271796	22	20434077	20434153
ENSG00000252571	22	20455222	20455364
ENSG00000252024	22	20455450	20455532
ENSG00000199876	22	20455669	20455969
ENSG00000236984	22	20473206	20475156
ENSG00000234757	22	20486312	20488882
ENSG00000225894	22	20499890	20503484
ENSG00000258555	22	24666866	24838324
ENSG00000216522	22	20610447	20616201
ENSG00000223579	22	20632023	20661407
ENSG00000227005	22	20644408	20645991
ENSG00000128271	22	24813847	24838328
ENSG00000233938	22	20670709	20674508
ENSG00000207343	22	20771087	20771189
ENSG00000215493	22	20804409	20806111
ENSG00000255156	22	20829490	20829598
ENSG00000201916	22	20835445	20835555
ENSG00000242876	22	20836224	20836497
ENSG00000236670	22	20837102	20838392
ENSG00000265300	22	20837512	20837603
ENSG00000236003	22	20876357	20878157
ENSG00000250261	22	20941783	20946505
ENSG00000223553	22	20956882	21011201
ENSG00000238125	22	21007017	21009037
ENSG00000264718	22	21011322	21011403
ENSG00000229107	22	21022124	21025272
ENSG00000100024	22	24863206	24924358
ENSG00000217261	22	21044217	21053226
ENSG00000235062	22	21052250	21053222
ENSG00000226287	22	21055220	21058894
ENSG00000198062	22	16256441	16287937
ENSG00000234252	22	21077335	21080208
ENSG00000272600	22	21243494	21245502
ENSG00000266366	22	21309449	21309714
ENSG00000237476	22	21311380	21318967
ENSG00000272829	22	21335650	21336044
ENSG00000230513	22	21356175	21364631
ENSG00000138867	22	24936406	24951903
ENSG00000161149	22	21357184	21368581
ENSG00000226872	22	21385646	21398258
ENSG00000207575	22	21388465	21388561
ENSG00000206145	22	21389532	21399306
ENSG00000249680	22	21419749	21424386
ENSG00000169668	22	21457305	21476574
ENSG00000197210	22	21468896	21478740
ENSG00000224688	22	21495913	21496660
ENSG00000130538	22	16448824	16449805
ENSG00000215498	22	21522047	21546445
ENSG00000198445	22	17071667	17073700
ENSG00000100028	22	24951471	25005947
ENSG00000172967	22	17264302	17302589
ENSG00000234503	22	21532181	21534164
ENSG00000226885	22	21622450	21623192
ENSG00000229266	22	21637170	21638450
ENSG00000169662	22	21645049	21648875
ENSG00000215568	22	17442826	17489112
ENSG00000206142	22	21655279	21679331
ENSG00000177663	22	17565844	17596583
ENSG00000100031	22	24979718	25024972
ENSG00000237407	22	21667209	21669193
ENSG00000232771	22	21695884	21699547
ENSG00000226534	22	21724353	21726234
ENSG00000183307	22	17597189	17602257
ENSG00000200057	22	21743480	21743780
ENSG00000252314	22	21743917	21743999
ENSG00000252020	22	21744085	21744227
ENSG00000252402	22	21765339	21765415
ENSG00000235478	22	17602476	17612994
ENSG00000206140	22	21820712	21825558
ENSG00000183506	22	21827289	21871822
ENSG00000069998	22	17618401	17646177
ENSG00000178026	22	24981588	24989175
ENSG00000184571	22	25115001	25170687
ENSG00000252799	22	21878047	21878123
ENSG00000252143	22	21899186	21899328
ENSG00000252605	22	21899414	21899496
ENSG00000222352	22	21899633	21899933
ENSG00000273342	22	21995133	21995573
ENSG00000212102	22	22007270	22007347
ENSG00000207751	22	22007593	22007674
ENSG00000272954	22	22016223	22016652
ENSG00000244671	22	22077172	22077471
ENSG00000200985	22	22146723	22146813
ENSG00000225544	22	22239621	22240012
ENSG00000224086	22	22292609	22297799
ENSG00000197549	22	22345496	22398332
ENSG00000167037	22	25202236	25323545
ENSG00000253239	22	22380474	22380991
ENSG00000254355	22	22387143	22387592
ENSG00000093072	22	17660194	17702879
ENSG00000225070	22	22390743	22394463
ENSG00000249333	22	22393042	22393525
ENSG00000253794	22	22398016	22398340
ENSG00000228161	22	22400828	22400989
ENSG00000253874	22	22412845	22413304
ENSG00000206069	22	25331077	25342662
ENSG00000197077	22	25348697	25593415
ENSG00000100053	22	25595817	25603330
ENSG00000254075	22	22415489	22415950
ENSG00000254161	22	22424636	22425118
ENSG00000244752	22	25615489	25627836
ENSG00000253242	22	22429777	22430077
ENSG00000253752	22	22434180	22434673
ENSG00000253823	22	22440972	22441521
ENSG00000225741	22	22457629	22459267
ENSG00000182502	22	22469236	22472374
ENSG00000236118	22	22509975	22510335
ENSG00000233720	22	22511775	22512024
ENSG00000227710	22	22522682	22523027
ENSG00000224465	22	22525369	22525942
ENSG00000100068	22	25747385	25801344
ENSG00000254308	22	22533618	22533867
ENSG00000253637	22	22536972	22537275
ENSG00000236323	22	22540331	22541009
ENSG00000253126	22	22552960	22553411
ENSG00000253935	22	22574039	22574525
ENSG00000228050	22	22577580	22578959
ENSG00000234726	22	22583115	22584865
ENSG00000272216	22	22638312	22641586
ENSG00000234630	22	22648098	22649159
ENSG00000099954	22	17840837	18037850
ENSG00000236850	22	22657589	22677203
ENSG00000272779	22	22657589	22664766
ENSG00000225724	22	22693926	22695567
ENSG00000232515	22	22702157	22702514
ENSG00000237428	22	22720578	22722138
ENSG00000232603	22	22725197	22725488
ENSG00000254175	22	22751369	22751861
ENSG00000254073	22	22753184	22753334
ENSG00000253818	22	22758539	22759053
ENSG00000224144	22	22774663	22775647
ENSG00000253889	22	22780158	22780651
ENSG00000230821	22	22801024	22802674
ENSG00000253631	22	22804540	22804990
ENSG00000226595	22	22819996	22820323
ENSG00000239066	22	22872116	22872211
ENSG00000100077	22	25960816	26125261
ENSG00000253120	22	22922478	22922760
ENSG00000253920	22	22946915	22947635
ENSG00000253329	22	22961042	22961633
ENSG00000215456	22	22972532	22978624
ENSG00000183169	22	22981648	22986944
ENSG00000253338	22	23003769	23004012
ENSG00000207834	22	23006898	23006993
ENSG00000253451	22	23006943	23007377
ENSG00000253913	22	23015622	23016072
ENSG00000253779	22	23021570	23021818
ENSG00000232350	22	23032315	23032462
ENSG00000223999	22	23035263	23035797
ENSG00000253822	22	23036924	23037437
ENSG00000207830	22	23040391	23040485
ENSG00000253546	22	23043245	23043455
ENSG00000254240	22	23057775	23057904
ENSG00000264629	22	23077063	23077157
ENSG00000253152	22	23081432	23081675
ENSG00000253786	22	23098043	23098286
ENSG00000182902	22	18043139	18073760
ENSG00000207835	22	23101185	23101279
ENSG00000253590	22	23104787	23105009
ENSG00000231392	22	23117022	23117184
ENSG00000207833	22	23134977	23135071
ENSG00000226477	22	23157168	23157423
ENSG00000207836	22	23165270	23165365
ENSG00000237127	22	23177041	23177293
ENSG00000254077	22	23180779	23181049
ENSG00000253448	22	23192550	23192799
ENSG00000207832	22	23198720	23198813
ENSG00000253234	22	23198937	23199213
ENSG00000226420	22	23200200	23200443
ENSG00000253963	22	23215391	23215619
ENSG00000264824	22	23228447	23228559
ENSG00000254029	22	23252998	23253245
ENSG00000254030	22	23257805	23258097
ENSG00000222037	22	23261707	23262023
ENSG00000237472	22	23330438	23330756
ENSG00000223679	22	23332865	23350523
ENSG00000272019	22	23474919	23475192
ENSG00000221069	22	23478807	23478897
ENSG00000236794	22	23522058	23522465
ENSG00000240160	22	23603971	23604258
ENSG00000230701	22	23605323	23606541
ENSG00000214526	22	23664730	23665114
ENSG00000236611	22	23668803	23670680
ENSG00000215478	22	23701790	23729918
ENSG00000131100	22	18074902	18111584
ENSG00000133454	22	26138111	26427007
ENSG00000133519	22	23732793	23744913
ENSG00000248409	22	23734958	23736026
ENSG00000234928	22	23775751	23777258
ENSG00000227755	22	23788785	23803020
ENSG00000178248	22	23804273	23829167
ENSG00000225413	22	23854681	23855789
ENSG00000224277	22	23909251	23915694
ENSG00000272733	22	23923067	23926046
ENSG00000211683	22	23972805	23981128
ENSG00000228315	22	23980674	24059543
ENSG00000234353	22	23980679	23982949
ENSG00000244723	22	23991400	23995521
ENSG00000099968	22	18111621	18213388
ENSG00000273000	22	23995047	24059534
ENSG00000272578	22	24000281	24059543
ENSG00000100095	22	26565440	26779562
ENSG00000270041	22	24080865	24081476
ENSG00000272973	22	24198614	24199226
ENSG00000244425	22	24221682	24221977
ENSG00000273295	22	24243619	24249255
ENSG00000225282	22	24269087	24271761
ENSG00000206090	22	24282185	24284985
ENSG00000231271	22	24292105	24296229
ENSG00000228039	22	24305942	24306644
ENSG00000015475	22	18216906	18257536
ENSG00000128203	22	26825239	26840981
ENSG00000272787	22	24311400	24312062
ENSG00000250470	22	24319095	24319776
ENSG00000224205	22	24329511	24333615
ENSG00000241850	22	24340828	24347258
ENSG00000232014	22	24347904	24349416
ENSG00000229513	22	24348440	24348799
ENSG00000224676	22	24350068	24352081
ENSG00000100099	22	26839389	26879803
ENSG00000184490	22	24366750	24370882
ENSG00000235231	22	24373117	24374043
ENSG00000272955	22	24375562	24376211
ENSG00000239334	22	24385938	24401899
ENSG00000235689	22	24402751	24404704
ENSG00000232545	22	24497652	24499317
ENSG00000230712	22	24644042	24645434
ENSG00000128262	22	24647796	24661493
ENSG00000225098	22	24655897	24659732
ENSG00000215464	22	24665314	24666102
ENSG00000178803	22	24825178	24891042
ENSG00000228923	22	24912476	24914354
ENSG00000230947	22	24994021	24995365
ENSG00000215481	22	25028882	25046799
ENSG00000240906	22	25047814	25048364
ENSG00000224124	22	25041133	25055114
ENSG00000224806	22	25082135	25082646
ENSG00000224334	22	25082890	25084054
ENSG00000237601	22	25099315	25099470
ENSG00000182351	22	25108259	25108489
ENSG00000100104	22	26879843	26890624
ENSG00000100109	22	26887191	26908471
ENSG00000199783	22	25297114	25297181
ENSG00000203280	22	25498407	25508659
ENSG00000271181	22	25575276	25575521
ENSG00000236641	22	25608709	25609652
ENSG00000233577	22	25675496	25678641
ENSG00000206066	22	25714223	25716047
ENSG00000230637	22	25723219	25735942
ENSG00000231466	22	25745510	25746289
ENSG00000272942	22	25830291	25831037
ENSG00000272798	22	25832279	25832882
ENSG00000271138	22	25833273	25833790
ENSG00000100058	22	25844072	25916821
ENSG00000272977	22	25872185	25875938
ENSG00000265978	22	25928687	25928776
ENSG00000234884	22	25957084	25960429
ENSG00000237387	22	25976208	25977349
ENSG00000224003	22	26043228	26045199
ENSG00000243156	22	18270415	18507325
ENSG00000222585	22	26111008	26111136
ENSG00000264925	22	26279041	26279128
ENSG00000231933	22	26279363	26299214
ENSG00000128294	22	26921458	26992681
ENSG00000100122	22	26995242	27014052
ENSG00000232464	22	26355040	26379492
ENSG00000223056	22	26359949	26360239
ENSG00000232050	22	26402355	26402498
ENSG00000196431	22	27017928	27026636
ENSG00000236464	22	26557800	26560269
ENSG00000229770	22	26557876	26559180
ENSG00000224192	22	26637297	26650058
ENSG00000252267	22	26786633	26786742
ENSG00000230203	22	26818037	26819159
ENSG00000261188	22	26908503	26910534
ENSG00000260065	22	26917949	26921002
ENSG00000221760	22	26951178	26951289
ENSG00000213707	22	26956492	26957054
ENSG00000226912	22	27040853	27041300
ENSG00000169184	22	28144265	28197486
ENSG00000225783	22	27042392	27072438
ENSG00000180957	22	28247657	28316122
ENSG00000206028	22	27063656	27068617
ENSG00000244625	22	27068730	27176170
ENSG00000223704	22	27254597	27261749
ENSG00000231369	22	27282872	27283511
ENSG00000235271	22	27299255	27316574
ENSG00000200443	22	27431850	27431954
ENSG00000236858	22	27444106	27456480
ENSG00000231405	22	27539439	27555840
ENSG00000238195	22	27600173	27601088
ENSG00000233521	22	27617310	27620688
ENSG00000100154	22	28374004	29075853
ENSG00000233574	22	27672201	27682310
ENSG00000223726	22	27703444	27714499
ENSG00000226741	22	27706612	27713417
ENSG00000230051	22	27727748	27775226
ENSG00000227880	22	27853208	27856021
ENSG00000224027	22	27959800	27969534
ENSG00000227838	22	28072556	28110959
ENSG00000231495	22	28103578	28105929
ENSG00000226169	22	28112468	28117665
ENSG00000235954	22	28315364	28404569
ENSG00000264073	22	28316513	28316600
ENSG00000239249	22	28452143	28452441
ENSG00000201209	22	28628744	28628811
ENSG00000199797	22	28699742	28699838
ENSG00000266503	22	29038969	29039258
ENSG00000226471	22	29196671	29244547
ENSG00000272858	22	29210902	29211650
ENSG00000224256	22	29231881	29232125
ENSG00000235786	22	29388709	29414608
ENSG00000177993	22	29420987	29427464
ENSG00000226772	22	29495029	29507671
ENSG00000200871	22	29530002	29530108
ENSG00000251952	22	29587685	29587796
ENSG00000237015	22	29656878	29658026
ENSG00000273216	22	29712733	29713209
ENSG00000239127	22	29729152	29729247
ENSG00000242156	22	29815144	29819182
ENSG00000225465	22	29832818	29874164
ENSG00000234208	22	29909878	29931379
ENSG00000233010	22	30004889	30005490
ENSG00000232396	22	30101245	30115848
ENSG00000239446	22	30107809	30115703
ENSG00000200976	22	30154747	30154848
ENSG00000207455	22	30295576	30295682
ENSG00000221736	22	30340198	30340285
ENSG00000227117	22	30404731	30476469
ENSG00000227201	22	30442265	30443182
ENSG00000226573	22	30501083	30501397
ENSG00000225971	22	30532662	30533670
ENSG00000225676	22	30580633	30603098
ENSG00000232530	22	30635183	30636527
ENSG00000268812	22	30641984	30642987
ENSG00000241528	22	30770930	30773862
ENSG00000273350	22	30816501	30816901
ENSG00000222915	22	30817034	30817137
ENSG00000272689	22	30817195	30817525
ENSG00000273428	22	30831531	30832234
ENSG00000203606	22	30831531	30832231
ENSG00000230137	22	30835824	30836305
ENSG00000214161	22	30877298	30877898
ENSG00000181123	22	30879341	30888791
ENSG00000225774	22	30938523	30940292
ENSG00000223831	22	30994296	31002674
ENSG00000250318	22	31049864	31050801
ENSG00000264661	22	31127544	31127628
ENSG00000237977	22	31298206	31298768
ENSG00000235989	22	31318295	31328436
ENSG00000253352	22	31366663	31375381
ENSG00000183765	22	29083731	29138410
ENSG00000215193	22	18560689	18613905
ENSG00000269987	22	31372501	31374834
ENSG00000269972	22	31373502	31373844
ENSG00000240186	22	31455975	31456269
ENSG00000273387	22	31478142	31479551
ENSG00000235573	22	31509003	31509382
ENSG00000214125	22	31551952	31552633
ENSG00000264141	22	31556048	31556105
ENSG00000254835	22	31601250	31601602
ENSG00000199695	22	31618731	31618839
ENSG00000202019	22	31626057	31626158
ENSG00000228839	22	31688485	31734007
ENSG00000212542	22	31701390	31701498
ENSG00000206615	22	31784719	31784823
ENSG00000240591	22	31850237	31860190
ENSG00000224623	22	31857650	31860190
ENSG00000199248	22	31875369	31875475
ENSG00000233733	22	31917185	31917578
ENSG00000183785	22	18593097	18629321
ENSG00000229169	22	31934338	31934575
ENSG00000214093	22	31955469	31955925
ENSG00000242251	22	32153188	32153482
ENSG00000236132	22	32212365	32213477
ENSG00000252909	22	32233224	32233284
ENSG00000227813	22	32286330	32287420
ENSG00000238910	22	32349391	32349493
ENSG00000227519	22	32359344	32366387
ENSG00000230866	22	32366810	32369462
ENSG00000184979	22	18632666	18660164
ENSG00000240647	22	32377132	32377414
ENSG00000232346	22	32435477	32435883
ENSG00000234479	22	32517964	32529456
ENSG00000237439	22	32525676	32526599
ENSG00000232707	22	32530015	32530120
ENSG00000239674	22	32537254	32539259
ENSG00000230120	22	32555441	32556379
ENSG00000254127	22	32595906	32596221
ENSG00000242082	22	32601102	32665653
ENSG00000214076	22	32665368	32669097
ENSG00000224050	22	32669407	32673173
ENSG00000273325	22	32680670	32681118
ENSG00000182824	22	18721427	18745407
ENSG00000234626	22	32723158	32739092
ENSG00000271093	22	32752663	32752975
ENSG00000230736	22	32772651	32780330
ENSG00000161103	22	18834324	18848562
ENSG00000243519	22	32772669	32773122
ENSG00000241954	22	32779773	32781618
ENSG00000232218	22	32782655	32782855
ENSG00000236054	22	32979286	32980190
ENSG00000251890	22	33031088	33031184
ENSG00000183628	22	18893541	18901751
ENSG00000229673	22	33179163	33180968
ENSG00000197047	22	33210035	33210372
ENSG00000183531	22	33256006	33256420
ENSG00000228194	22	33410965	33411446
ENSG00000228622	22	33501369	33502045
ENSG00000231253	22	33504515	33512280
ENSG00000233632	22	33533126	33533324
ENSG00000232073	22	33560049	33562425
ENSG00000230741	22	33716851	33718799
ENSG00000266012	22	33832568	33832655
ENSG00000253007	22	34100772	34100906
ENSG00000232081	22	34119818	34120898
ENSG00000224973	22	34121000	34146830
ENSG00000100033	22	18900294	18924066
ENSG00000100209	22	29138019	29153503
ENSG00000159873	22	29168662	29185283
ENSG00000100219	22	29190543	29196585
ENSG00000183579	22	29279580	29453475
ENSG00000100249	22	29454660	29457832
ENSG00000183762	22	29469066	29564321
ENSG00000070413	22	19023795	19109967
ENSG00000186998	22	29601840	29655586
ENSG00000100263	22	29655841	29664198
ENSG00000182944	22	29663998	29696515
ENSG00000100056	22	19117792	19132197
ENSG00000206203	22	19118321	19120134
ENSG00000063515	22	19136089	19137796
ENSG00000100075	22	19163095	19166343
ENSG00000185340	22	29702572	29708774
ENSG00000100276	22	29708922	29715668
ENSG00000100280	22	29723669	29819168
ENSG00000070371	22	19166986	19279239
ENSG00000128250	22	29834572	29838444
ENSG00000100285	22	29876219	29887379
ENSG00000100296	22	29901868	29951205
ENSG00000184117	22	29950797	29977326
ENSG00000186575	22	29999545	30094587
ENSG00000100084	22	19318221	19435224
ENSG00000100314	22	30116073	30127828
ENSG00000100319	22	30126945	30163000
ENSG00000184076	22	30163358	30166402
ENSG00000100325	22	30184597	30234271
ENSG00000242259	22	19338891	19435755
ENSG00000185608	22	19419425	19423598
ENSG00000070010	22	19437433	19466738
ENSG00000100330	22	30279144	30426855
ENSG00000176635	22	30476163	30573064
ENSG00000128342	22	30636436	30642840
ENSG00000099985	22	30658818	30662829
ENSG00000239282	22	30681106	30685616
ENSG00000248751	22	30681227	30695471
ENSG00000099992	22	30687979	30723035
ENSG00000099995	22	30727977	30752936
ENSG00000093009	22	19466982	19508135
ENSG00000187860	22	30752624	30774647
ENSG00000099999	22	30773835	30817760
ENSG00000184113	22	19510547	19515068
ENSG00000100003	22	30792846	30821305
ENSG00000184702	22	19701987	19712295
ENSG00000249590	22	30805244	30824977
ENSG00000268538	22	30814212	30814469
ENSG00000242114	22	30821518	30825045
ENSG00000100012	22	30843946	30868036
ENSG00000133488	22	30884900	30901698
ENSG00000203618	22	19710468	19712294
ENSG00000184058	22	19744226	19771116
ENSG00000214491	22	30918786	30942669
ENSG00000128242	22	30950622	30970574
ENSG00000185838	22	19770747	19842462
ENSG00000100029	22	30972612	31003070
ENSG00000215012	22	19833661	19842419
ENSG00000185339	22	31002825	31023265
ENSG00000100036	22	31031639	31065003
ENSG00000167065	22	31048038	31063877
ENSG00000184470	22	19863040	19929341
ENSG00000184792	22	31089769	31303811
ENSG00000133422	22	31321117	31364284
ENSG00000093010	22	19929130	19957498
ENSG00000183963	22	31460091	31500743
ENSG00000099889	22	19957419	20004331
ENSG00000198832	22	31500758	31516055
ENSG00000185133	22	31518717	31530682
ENSG00000183597	22	20004537	20053449
ENSG00000100078	22	31530795	31536593
ENSG00000138942	22	31556168	31603005
ENSG00000182541	22	31608225	31676066
ENSG00000100100	22	31677579	31688520
ENSG00000100105	22	31721790	31742218
ENSG00000213888	22	31742875	31744670
ENSG00000185721	22	31795509	31924726
ENSG00000128191	22	20067755	20099400
ENSG00000184708	22	31832963	31892094
ENSG00000099899	22	20099389	20104915
ENSG00000099901	22	20103461	20114878
ENSG00000198089	22	31884674	32014572
ENSG00000099904	22	20116979	20135530
ENSG00000234409	22	20135950	20138399
ENSG00000040608	22	20228938	20270769
ENSG00000128185	22	20301799	20307603
ENSG00000241878	22	32014477	32058418
ENSG00000183038	22	20366206	20368028
ENSG00000196622	22	20456003	20461786
ENSG00000188280	22	20692438	20716938
ENSG00000161133	22	20704868	20745048
ENSG00000183530	22	32072242	32146126
ENSG00000185252	22	20748405	20762745
ENSG00000244486	22	20778874	20792146
ENSG00000099910	22	20783528	20850170
ENSG00000100150	22	32149944	32303012
ENSG00000099917	22	20850200	20941919
ENSG00000128254	22	32329507	32341504
ENSG00000128245	22	32340447	32353590
ENSG00000100170	22	32439019	32509016
ENSG00000205856	22	32544993	32555309
ENSG00000128253	22	32586422	32600718
ENSG00000100191	22	32614465	32651328
ENSG00000128276	22	32750872	32757148
ENSG00000205853	22	32755893	32778039
ENSG00000100220	22	32783569	32808242
ENSG00000184459	22	32809834	32860471
ENSG00000100225	22	32870663	32894818
ENSG00000241973	22	21061979	21213705
ENSG00000185666	22	32908539	33454358
ENSG00000100234	22	33197687	33259030
ENSG00000133424	22	33558212	34318829
ENSG00000175329	22	35462129	35483380
ENSG00000100281	22	35653445	35691800
ENSG00000099937	22	21128167	21142008
ENSG00000099940	22	21213271	21245506
ENSG00000099942	22	21271714	21308037
ENSG00000100284	22	35695268	35743985
ENSG00000183773	22	21319396	21335649
ENSG00000100292	22	35776354	35790207
ENSG00000099949	22	21333751	21353327
ENSG00000100297	22	35796056	35821423
ENSG00000100302	22	35936915	35950048
ENSG00000198125	22	36002811	36033998
ENSG00000268818	22	36023040	36031181
ENSG00000221963	22	36044442	36064456
ENSG00000128313	22	36113919	36125530
ENSG00000100320	22	36134783	36424473
ENSG00000184436	22	21353393	21356485
ENSG00000269103	22	21358030	21360736
ENSG00000099957	22	21364097	21383119
ENSG00000128284	22	36536372	36562225
ENSG00000100336	22	36585172	36600886
ENSG00000128335	22	36622256	36636000
ENSG00000099960	22	21383007	21387129
ENSG00000187905	22	21400249	21418457
ENSG00000239511	22	21477050	21482352
ENSG00000133475	22	21562262	21581926
ENSG00000100342	22	36649056	36663576
ENSG00000196934	22	21737663	21743446
ENSG00000169635	22	21771693	21805752
ENSG00000183246	22	21899646	21905750
ENSG00000185651	22	21903736	21978323
ENSG00000161179	22	21982378	21984353
ENSG00000100345	22	36677327	36784063
ENSG00000161180	22	21987005	21991616
ENSG00000128228	22	21996550	21998587
ENSG00000100348	22	36863083	36878077
ENSG00000100023	22	22006559	22054304
ENSG00000100350	22	36883237	36903148
ENSG00000100353	22	36906897	36925483
ENSG00000100027	22	22051833	22090123
ENSG00000100030	22	22108789	22221970
ENSG00000166862	22	36959968	37099603
ENSG00000100360	22	37154246	37172300
ENSG00000100362	22	37196728	37215523
ENSG00000100034	22	22273793	22307209
ENSG00000100365	22	37257030	37274057
ENSG00000100038	22	22311397	22337213
ENSG00000100368	22	37309670	37336491
ENSG00000185264	22	37387163	37403882
ENSG00000128311	22	37406900	37415681
ENSG00000128309	22	37415676	37425863
ENSG00000100379	22	37447779	37459430
ENSG00000211637	22	22385332	22385870
ENSG00000187045	22	37461476	37505603
ENSG00000211638	22	22453110	22453622
ENSG00000211639	22	22516592	22517074
ENSG00000211640	22	22550113	22550860
ENSG00000211641	22	22556057	22556600
ENSG00000211642	22	22569184	22569660
ENSG00000169575	22	22599087	22599927
ENSG00000211643	22	22673082	22673581
ENSG00000211644	22	22676828	22677336
ENSG00000211645	22	22681658	22682172
ENSG00000223350	22	22697539	22698084
ENSG00000211647	22	22707289	22707781
ENSG00000211648	22	22712087	22712608
ENSG00000211649	22	22723982	22724454
ENSG00000211650	22	22730355	22730874
ENSG00000211651	22	22735135	22735715
ENSG00000211652	22	22749356	22749827
ENSG00000100385	22	37521878	37571094
ENSG00000211653	22	22764098	22764614
ENSG00000211654	22	22781876	22782371
ENSG00000211655	22	22786296	22786802
ENSG00000198477	22	22838767	22863505
ENSG00000169548	22	22868060	22874613
ENSG00000133466	22	37576207	37595425
ENSG00000183473	22	37600278	37608362
ENSG00000185686	22	22890123	22901768
ENSG00000128340	22	37621301	37640488
ENSG00000100055	22	37678068	37711382
ENSG00000220891	22	22901750	22909007
ENSG00000211656	22	22930626	22931145
ENSG00000211657	22	22936998	22937501
ENSG00000166897	22	37764000	37823505
ENSG00000100121	22	22988780	22990368
ENSG00000100060	22	37865101	37882439
ENSG00000211658	22	23010758	23011276
ENSG00000211659	22	23029190	23029735
ENSG00000211660	22	23040274	23040892
ENSG00000100065	22	37886400	37915549
ENSG00000211661	22	23046750	23047307
ENSG00000211662	22	23054174	23055688
ENSG00000211663	22	23063108	23063630
ENSG00000211664	22	23077095	23077584
ENSG00000211665	22	23089870	23090398
ENSG00000211666	22	23101189	23101707
ENSG00000211667	22	23114317	23115079
ENSG00000211668	22	23134980	23135496
ENSG00000211669	22	23154244	23154782
ENSG00000128283	22	37956454	37965412
ENSG00000100079	22	37966255	37978623
ENSG00000211670	22	23161507	23162253
ENSG00000211671	22	23165153	23165787
ENSG00000211672	22	23213686	23214214
ENSG00000211673	22	23222886	23223576
ENSG00000254709	22	23229960	23238287
ENSG00000211674	22	23235872	23235998
ENSG00000211675	22	23237555	23238014
ENSG00000100083	22	38004481	38029571
ENSG00000211676	22	23241661	23241835
ENSG00000211677	22	23243156	23243617
ENSG00000211678	22	23247030	23247205
ENSG00000211679	22	23248512	23248973
ENSG00000211680	22	23252744	23252776
ENSG00000211681	22	23256408	23256479
ENSG00000211682	22	23260304	23260373
ENSG00000211684	22	23263562	23263607
ENSG00000211685	22	23264766	23265203
ENSG00000100218	22	23401593	23487208
ENSG00000128266	22	23412540	23467224
ENSG00000100228	22	23487513	23506537
ENSG00000100092	22	38030661	38062939
ENSG00000241360	22	38054734	38062941
ENSG00000100097	22	38071615	38075813
ENSG00000100101	22	38077680	38170137
ENSG00000186716	22	23521891	23660224
ENSG00000100106	22	38093011	38172563
ENSG00000189060	22	38201114	38203442
ENSG00000100116	22	38203912	38213183
ENSG00000128310	22	38219389	38221502
ENSG00000100124	22	38226862	38245334
ENSG00000100129	22	38244875	38285414
ENSG00000100139	22	38301664	38338829
ENSG00000128346	22	38339528	38349676
ENSG00000100142	22	38348614	38437922
ENSG00000100146	22	38366693	38383429
ENSG00000100151	22	38452318	38471708
ENSG00000100156	22	38474141	38480100
ENSG00000128298	22	38480896	38506677
ENSG00000184381	22	38507502	38601697
ENSG00000185022	22	38597889	38612518
ENSG00000198792	22	38615298	38669040
ENSG00000213923	22	38686697	38794527
ENSG00000168135	22	38822332	38851205
ENSG00000100196	22	38864067	38879452
ENSG00000100201	22	38879445	38903665
ENSG00000100206	22	38914954	38966291
ENSG00000184949	22	38974125	39052634
ENSG00000100211	22	39052641	39069859
ENSG00000100216	22	39077953	39080818
ENSG00000100221	22	39081548	39097561
ENSG00000100226	22	39101728	39134304
ENSG00000100242	22	39130730	39190148
ENSG00000100246	22	39174513	39190203
ENSG00000221890	22	39214457	39239987
ENSG00000183741	22	39257455	39268319
ENSG00000128383	22	39348746	39359188
ENSG00000179750	22	39378352	39388809
ENSG00000244509	22	39410088	39416357
ENSG00000243811	22	39410368	39429281
ENSG00000128394	22	39436609	39449915
ENSG00000239713	22	39436924	39483748
ENSG00000100298	22	39493229	39500072
ENSG00000100307	22	39516172	39548679
ENSG00000100311	22	39619364	39640756
ENSG00000214854	22	39656865	39657063
ENSG00000100316	22	39708887	39716394
ENSG00000100321	22	39745930	39781593
ENSG00000100324	22	39795746	39833065
ENSG00000128268	22	39853349	39888199
ENSG00000100335	22	39895437	39914137
ENSG00000128272	22	39915700	39918691
ENSG00000187051	22	39925098	39928860
ENSG00000100346	22	39966758	40085742
ENSG00000176177	22	40139049	40289868
ENSG00000100351	22	40297086	40369725
ENSG00000133477	22	40390953	40439533
ENSG00000100354	22	40440821	40731812
ENSG00000239900	22	40742507	40786467
ENSG00000100359	22	40766595	40806293
ENSG00000196588	22	40806285	41032706
ENSG00000128285	22	41074754	41078818
ENSG00000100372	22	41165634	41215403
ENSG00000100380	22	41220539	41253026
ENSG00000196236	22	41253081	41363838
ENSG00000172404	22	41255553	41258130
ENSG00000100387	22	41347351	41369313
ENSG00000100393	22	41487790	41576081
ENSG00000100395	22	41601209	41627275
ENSG00000100399	22	41625517	41636938
ENSG00000100401	22	41641615	41682255
ENSG00000269104	22	41685388	41685686
ENSG00000100403	22	41697526	41756151
ENSG00000167074	22	41763337	41795330
ENSG00000183864	22	41829496	41843027
ENSG00000100410	22	41855721	41864729
ENSG00000100412	22	41865129	41924993
ENSG00000100413	22	41921808	41940610
ENSG00000172346	22	41956767	41973745
ENSG00000100417	22	41972898	41985894
ENSG00000100418	22	41994032	42017100
ENSG00000196419	22	42017123	42060044
ENSG00000100138	22	42069934	42086508
ENSG00000184208	22	42084943	42094140
ENSG00000167077	22	42095503	42195460
ENSG00000100147	22	42196683	42222303
ENSG00000198911	22	42229109	42303312
ENSG00000234965	22	42307297	42310570
ENSG00000159958	22	42321045	42322822
ENSG00000100162	22	42334725	42343168
ENSG00000100167	22	42372276	42394225
ENSG00000183066	22	42394729	42454460
ENSG00000198951	22	42454358	42466846
ENSG00000177096	22	42470255	42475445
ENSG00000183172	22	42475695	42480288
ENSG00000184983	22	42481529	42486959
ENSG00000100197	22	42522501	42526908
ENSG00000205702	22	42536214	42540576
ENSG00000100207	22	42556019	42739622
ENSG00000235568	22	42776416	42828401
ENSG00000189306	22	42905974	42915808
ENSG00000183569	22	42949623	42970388
ENSG00000100227	22	42979727	43010968
ENSG00000100243	22	43013846	43045574
ENSG00000249222	22	43035809	43036607
ENSG00000128274	22	43088127	43117304
ENSG00000242247	22	43192508	43254112
ENSG00000100266	22	43231418	43411151
ENSG00000100271	22	43435522	43485434
ENSG00000100290	22	43506754	43525718
ENSG00000100294	22	43528212	43539400
ENSG00000100300	22	43547520	43559248
ENSG00000100304	22	43562628	43583139
ENSG00000159307	22	43593289	43739394
ENSG00000186732	22	43807202	43903728
ENSG00000186976	22	43924624	44208217
ENSG00000130540	22	44220389	44258398
ENSG00000100341	22	44275558	44287893
ENSG00000100344	22	44319619	44360368
ENSG00000100347	22	44351301	44406411
ENSG00000188677	22	44395091	44568829
ENSG00000138964	22	44568836	44615413
ENSG00000138944	22	44639547	44708731
ENSG00000220702	22	44761431	44762164
ENSG00000188636	22	44888452	44894178
ENSG00000186654	22	45064593	45133561
ENSG00000248405	22	45098113	45258586
ENSG00000241484	22	45098355	45258665
ENSG00000056487	22	45277042	45405880
ENSG00000093000	22	45559722	45583896
ENSG00000100364	22	45586219	45636650
ENSG00000100373	22	45680863	45691755
ENSG00000100376	22	45704849	45737836
ENSG00000077935	22	45739944	45809500
ENSG00000128408	22	45809572	45828376
ENSG00000077942	22	45898118	45997015
ENSG00000130638	22	46067678	46241187
ENSG00000188064	22	46316242	46373009
ENSG00000182257	22	46445358	46450024
ENSG00000197182	22	46449749	46509808
ENSG00000186951	22	46546424	46639653
ENSG00000205643	22	46639908	46646576
ENSG00000130943	22	46651560	46659219
ENSG00000075234	22	46663858	46689905
ENSG00000075218	22	46692638	46726707
ENSG00000100416	22	46726772	46753237
ENSG00000075275	22	46756731	46933067
ENSG00000075240	22	46971909	47075688
ENSG00000100422	22	47080308	47134158
ENSG00000054611	22	47158518	47571336
ENSG00000218357	22	47857048	47882860
ENSG00000219438	22	48885272	49246724
ENSG00000219016	22	48934712	48943199
ENSG00000188511	22	49808176	50051190
ENSG00000100425	22	50166931	50221160
ENSG00000100426	22	50247490	50283726
ENSG00000182858	22	50293877	50312106
ENSG00000184164	22	50311815	50321188
ENSG00000198355	22	50354161	50357728
ENSG00000188263	22	50432942	50451088
ENSG00000138892	22	50453552	50495364
ENSG00000100427	22	50497820	50524331
ENSG00000073146	22	50528308	50600119
ENSG00000073150	22	50609160	50618723
ENSG00000170638	22	50624344	50638027
ENSG00000073169	22	50639408	50656045
ENSG00000128159	22	50656118	50683421
ENSG00000100429	22	50683612	50689834
ENSG00000188130	22	50683879	50700254
ENSG00000185386	22	50702142	50709196
ENSG00000196576	22	50713408	50746056
ENSG00000268427	22	50714103	50714350
ENSG00000205593	22	50747459	50765489
ENSG00000100239	22	50781733	50883514
ENSG00000100241	22	50883429	50913454
ENSG00000128165	22	50919985	50924869
ENSG00000100253	22	50925213	50929077
ENSG00000100258	22	50941376	50946135
ENSG00000025770	22	50946645	50961901
ENSG00000130489	22	50961997	50964868
ENSG00000025708	22	50964181	50968485
ENSG00000177989	22	50968139	50971009
ENSG00000130487	22	50986462	50989451
ENSG00000217442	22	50989541	51001334
ENSG00000205560	22	51007290	51017899
ENSG00000254413	22	51007298	51021394
ENSG00000100288	22	51017378	51039884
ENSG00000008735	22	51039114	51052409
ENSG00000100299	22	51061182	51066607
ENSG00000251322	22	51112843	51171726
ENSG00000100312	22	51176624	51183762
ENSG00000079974	22	51205929	51222091
ENSG00000233866	22	16062157	16063236
ENSG00000229286	22	16076052	16076172
ENSG00000235265	22	16084249	16084826
ENSG00000223875	22	16100517	16124973
ENSG00000215270	22	16122720	16123768
ENSG00000206195	22	16147979	16193004
ENSG00000271672	22	16150776	16151397
ENSG00000272872	22	16154073	16154766
ENSG00000232775	22	16157079	16172700
ENSG00000271127	22	16179617	16181004
ENSG00000225255	22	16199666	16231333
ENSG00000235992	22	16227138	16228807
ENSG00000241838	22	16255355	16256477
ENSG00000236666	22	16274560	16278602
ENSG00000212216	22	16276398	16276504
ENSG00000234381	22	16333633	16342783
ENSG00000224435	22	16345912	16355362
ENSG00000226474	22	16362385	16362561
ENSG00000231565	22	16364867	16366204
ENSG00000230471	22	16373081	16377055
ENSG00000230643	22	16389485	16389602
ENSG00000237299	22	16399957	16436527
ENSG00000213727	22	16404698	16405874
ENSG00000215268	22	16413687	16415946
ENSG00000233408	22	16417269	16420386
ENSG00000235759	22	16424125	16427059
ENSG00000236831	22	16485399	16487973
ENSG00000265406	22	16569924	16570006
ENSG00000264612	22	16575148	16575230
ENSG00000265270	22	16576109	16576191
ENSG00000236097	22	16627920	16628496
ENSG00000184624	22	16634898	16651926
ENSG00000236235	22	16680767	16687245
ENSG00000225293	22	16868420	16871613
ENSG00000226160	22	16886056	16886143
ENSG00000229658	22	16904668	16906756
ENSG00000227367	22	16909690	16957613
ENSG00000226444	22	16967410	16969212
ENSG00000235969	22	16984194	16990365
ENSG00000273362	22	17001949	17008127
ENSG00000233995	22	17052917	17055527
ENSG00000239435	22	17061816	17063607
ENSG00000240122	22	17075979	17076375
ENSG00000221084	22	17079607	17079694
ENSG00000100181	22	17082777	17179632
ENSG00000267338	22	17097060	17098004
ENSG00000249288	22	17126585	17127471
ENSG00000249263	22	17134782	17140518
ENSG00000189295	22	17134956	17160374
ENSG00000259271	22	17151980	17160383
ENSG00000273244	22	17156906	17175538
ENSG00000241717	22	17170993	17185367
ENSG00000235343	22	17227759	17229535
ENSG00000229027	22	17308364	17310225
ENSG00000234121	22	17318412	17318556
ENSG00000237835	22	17336694	17337052
ENSG00000220248	22	17338509	17341608
