ENSG00000249139	20	44165625	44176065
ENSG00000158901	20	44179792	44207965
ENSG00000180205	20	44236578	44259907
ENSG00000101138	20	54967427	54979518
ENSG00000180305	20	44258165	44259835
ENSG00000180083	20	44277202	44298909
ENSG00000182931	20	44313292	44333658
ENSG00000168634	20	44330655	44337456
ENSG00000149651	20	44350990	44354469
ENSG00000101365	20	2639041	2644865
ENSG00000124116	20	44376583	44420571
ENSG00000087589	20	54987168	55034396
ENSG00000226332	20	60880488	60881381
ENSG00000265329	20	60907543	60907613
ENSG00000228812	20	60928051	60931536
ENSG00000233017	20	61004604	61006568
ENSG00000272050	20	61052926	61053650
ENSG00000260542	20	61088965	61091152
ENSG00000174403	20	61141550	61148733
ENSG00000199017	20	61151510	61151586
ENSG00000207764	20	61162119	61162220
ENSG00000226094	20	61169878	61170591
ENSG00000264490	20	61172797	61174714
ENSG00000232121	20	61265033	61266856
ENSG00000229882	20	61265124	61267214
ENSG00000232803	20	61294371	61298076
ENSG00000237687	20	61326376	61331832
ENSG00000223669	20	61363918	61366699
ENSG00000101160	20	57570240	57582302
ENSG00000228705	20	61405480	61406764
ENSG00000229873	20	61431979	61436939
ENSG00000022277	20	55043647	55093943
ENSG00000233838	20	61476490	61477543
ENSG00000236527	20	61503602	61504428
ENSG00000272259	20	61640735	61716423
ENSG00000125514	20	61665569	61668380
ENSG00000237119	20	61669363	61685215
ENSG00000231133	20	61726845	61733671
ENSG00000225978	20	61733483	61735738
ENSG00000260416	20	61758847	61760811
ENSG00000231977	20	61798149	61812255
ENSG00000207598	20	61809852	61809938
ENSG00000088881	20	2673524	2740753
ENSG00000266463	20	61870131	61870194
ENSG00000266104	20	61918160	61918218
ENSG00000222439	20	61968691	61968801
ENSG00000203900	20	61991340	62002529
ENSG00000226390	20	62079404	62080682
ENSG00000230226	20	62133640	62136464
ENSG00000101162	20	57594309	57601709
ENSG00000232442	20	62258580	62260177
ENSG00000229299	20	62376042	62377311
ENSG00000231208	20	62439429	62447874
ENSG00000199805	20	62540308	62540472
ENSG00000216141	20	62550834	62550950
ENSG00000216195	20	62551085	62551201
ENSG00000101457	20	44420576	44440066
ENSG00000215946	20	62551365	62551481
ENSG00000272045	20	62572818	62572897
ENSG00000207554	20	62573984	62574079
ENSG00000211588	20	10342736	10342878
ENSG00000230750	20	10366427	10368454
ENSG00000196421	20	62665697	62671315
ENSG00000124172	20	57600522	57607437
ENSG00000235036	20	10593509	10594877
ENSG00000270408	20	10625847	10627014
ENSG00000237371	20	62688156	62688437
ENSG00000270792	20	10653576	10975572
ENSG00000232852	20	62921540	62924351
ENSG00000224961	20	10733738	10734614
ENSG00000149656	20	62921738	62944485
ENSG00000234900	20	10733926	10745934
ENSG00000232900	20	10855981	10889920
ENSG00000217809	20	10869230	10869736
ENSG00000270777	20	10981952	10982411
ENSG00000230990	20	11214818	11282173
ENSG00000235544	20	11326031	11326503
ENSG00000271397	20	11589084	11589696
ENSG00000237256	20	11601699	11602125
ENSG00000261411	20	11665792	11667971
ENSG00000228422	20	11781111	11851363
ENSG00000256874	20	11790813	11791095
ENSG00000222281	20	11799469	11799739
ENSG00000271298	20	11819003	11819222
ENSG00000236526	20	11890052	11899325
ENSG00000235292	20	12224543	12224944
ENSG00000230437	20	12286261	12297133
ENSG00000235698	20	12360704	12361903
ENSG00000175063	20	44441215	44445596
ENSG00000233048	20	12845850	12933167
ENSG00000269931	20	12915525	12916431
ENSG00000124091	20	55066548	55100981
ENSG00000234265	20	12930986	12932275
ENSG00000101166	20	57608200	57617964
ENSG00000271426	20	13054315	13054960
ENSG00000226263	20	13218448	13220321
ENSG00000225956	20	13224711	13226016
ENSG00000236811	20	13373324	13374321
ENSG00000221328	20	13936410	13936503
ENSG00000212247	20	13953962	13954070
ENSG00000230935	20	13984154	13984345
ENSG00000234187	20	14108046	14108982
ENSG00000239923	20	14203687	14203976
ENSG00000199570	20	14332966	14333071
ENSG00000227563	20	14527830	14528269
ENSG00000124103	20	55092243	55101198
ENSG00000227927	20	14535030	14617170
ENSG00000213950	20	14738209	14738702
ENSG00000088882	20	2774715	2781283
ENSG00000235914	20	14864899	14910161
ENSG00000213714	20	55108302	55111576
ENSG00000237832	20	14914489	14916009
ENSG00000199803	20	15002199	15002305
ENSG00000201180	20	15003498	15003604
ENSG00000222500	20	15261410	15261519
ENSG00000225181	20	15532802	15533530
ENSG00000212111	20	15539025	15539113
ENSG00000224274	20	15600139	15600464
ENSG00000225622	20	16204395	16205180
ENSG00000221448	20	16390942	16391036
ENSG00000226229	20	16566978	16567338
ENSG00000200494	20	16651286	16651387
ENSG00000235208	20	16664753	16665049
ENSG00000228809	20	16695489	16711593
ENSG00000236985	20	16838607	16844793
ENSG00000212165	20	16963477	16963678
ENSG00000251955	20	17168155	17168261
ENSG00000220540	20	17168779	17168989
ENSG00000238833	20	17189705	17189865
ENSG00000232241	20	17459730	17460076
ENSG00000232333	20	17497488	17497952
ENSG00000202260	20	17556851	17557155
ENSG00000230495	20	17579900	17580452
ENSG00000221220	20	17823227	17823372
ENSG00000233625	20	17868007	17868804
ENSG00000212555	20	17884406	17884505
ENSG00000087510	20	55204358	55214339
ENSG00000212232	20	17943353	17943589
ENSG00000218902	20	17992599	17992928
ENSG00000229262	20	18040137	18051652
ENSG00000227343	20	18070760	18071359
ENSG00000124203	20	57766075	57834168
ENSG00000101470	20	44451853	44462384
ENSG00000252597	20	18076215	18076276
ENSG00000207282	20	18094111	18094223
ENSG00000251713	20	18150549	18150633
ENSG00000232943	20	18200757	18201156
ENSG00000266720	20	18239200	18239495
ENSG00000252635	20	18246334	18246523
ENSG00000199719	20	18275787	18276095
ENSG00000237259	20	18294409	18295755
ENSG00000230010	20	18303196	18339944
ENSG00000252403	20	18309650	18309746
ENSG00000237282	20	18359693	18362128
ENSG00000236474	20	18400804	18402098
ENSG00000252422	20	18414486	18414588
ENSG00000265137	20	18451259	18451335
ENSG00000225419	20	18465909	18466696
ENSG00000124205	20	57875482	57901047
ENSG00000214612	20	18485277	18485710
ENSG00000264134	20	18526352	18526428
ENSG00000232388	20	18548064	18550207
ENSG00000198326	20	2795614	2800930
ENSG00000243702	20	18572974	18573261
ENSG00000221806	20	18591691	18591811
ENSG00000232136	20	18623426	18624278
ENSG00000233993	20	18655039	18679353
ENSG00000241690	20	2795614	2798712
ENSG00000233324	20	18763068	18764334
ENSG00000101144	20	55743804	55841685
ENSG00000179935	20	18768295	18774979
ENSG00000258713	20	2795633	2796479
ENSG00000273148	20	18775173	18776711
ENSG00000264669	20	19106429	19106551
ENSG00000235996	20	19193496	19194121
ENSG00000179447	20	19222946	19265240
ENSG00000221748	20	19321940	19322016
ENSG00000216017	20	19570741	19570831
ENSG00000232675	20	19673853	19678220
ENSG00000239120	20	19715460	19715553
ENSG00000233895	20	19738352	19790319
ENSG00000236992	20	19804087	19804587
ENSG00000241054	20	20075045	20076328
ENSG00000225417	20	20194943	20195906
ENSG00000229500	20	20233947	20234482
ENSG00000243810	20	20239051	20248453
ENSG00000264879	20	20297428	20297684
ENSG00000213384	20	20640354	20640608
ENSG00000270793	20	20701830	20702522
ENSG00000264361	20	20719078	20719374
ENSG00000225803	20	20834764	20835285
ENSG00000234104	20	20951089	20953203
ENSG00000132635	20	2815960	2821836
ENSG00000225127	20	21068245	21086999
ENSG00000235065	20	21095364	21095838
ENSG00000054796	20	55904815	55919050
ENSG00000088970	20	21106624	21227260
ENSG00000087495	20	58152564	58422766
ENSG00000199509	20	21119597	21119715
ENSG00000228604	20	21129382	21143531
ENSG00000232712	20	21134664	21198927
ENSG00000214535	20	21146846	21147236
ENSG00000226875	20	21246492	21247103
ENSG00000124104	20	44462449	44471914
ENSG00000225280	20	21378456	21381029
ENSG00000223128	20	21405396	21405679
ENSG00000226405	20	21468882	21469263
ENSG00000227693	20	21482033	21482606
ENSG00000258197	20	21492085	21492947
ENSG00000233492	20	21510840	21511382
ENSG00000233015	20	21722941	21723715
ENSG00000227063	20	21735866	21736171
ENSG00000238034	20	21928285	21951421
ENSG00000234435	20	22034831	22055238
ENSG00000234862	20	22201192	22203921
ENSG00000225170	20	22252690	22254092
ENSG00000101146	20	55926066	55954267
ENSG00000225321	20	22260866	22263310
ENSG00000270838	20	22324331	22324568
ENSG00000204684	20	22380989	22401281
ENSG00000215305	20	2821349	2847378
ENSG00000259974	20	22528309	22559280
ENSG00000237396	20	22568160	22588155
ENSG00000230400	20	22656710	22665982
ENSG00000215553	20	22713440	22714727
ENSG00000265151	20	22713848	22713939
ENSG00000213882	20	22866308	22866706
ENSG00000228935	20	22941171	22946700
ENSG00000230492	20	22990846	23011422
ENSG00000234646	20	23012179	23019873
ENSG00000256492	20	23061083	23061278
ENSG00000233746	20	23105705	23113258
ENSG00000201527	20	23141494	23141608
ENSG00000230387	20	23168765	23170944
ENSG00000234832	20	23327578	23332123
ENSG00000232645	20	23337231	23338753
ENSG00000101473	20	44470360	44486045
ENSG00000201728	20	23361533	23361649
ENSG00000200208	20	23438221	23438322
ENSG00000226344	20	23456337	23460435
ENSG00000260202	20	23497521	23498706
ENSG00000204663	20	23499783	23522655
ENSG00000204662	20	23528401	23531289
ENSG00000204658	20	23564282	23567147
ENSG00000270001	20	23612463	23612953
ENSG00000225056	20	23635862	23637027
ENSG00000232595	20	23691957	23692043
ENSG00000230908	20	23778778	23786300
ENSG00000228476	20	23899408	23902806
ENSG00000236168	20	23961222	23961371
ENSG00000167390	20	23969929	23971091
ENSG00000236151	20	24123226	24125022
ENSG00000230133	20	24180403	24205224
ENSG00000200231	20	24217891	24218034
ENSG00000232200	20	24278221	24298722
ENSG00000234069	20	24426027	24426950
ENSG00000228539	20	24472108	24482981
ENSG00000231015	20	24660183	24661627
ENSG00000207355	20	24954807	24954916
ENSG00000225069	20	25079741	25080564
ENSG00000230725	20	25121425	25129894
ENSG00000225344	20	25141803	25142697
ENSG00000202414	20	25195334	25195434
ENSG00000227379	20	25348911	25349402
ENSG00000251883	20	25591789	25591859
ENSG00000213742	20	25604681	25658710
ENSG00000256222	20	55933496	55934878
ENSG00000242236	20	25635232	25635517
ENSG00000236542	20	25650493	25651022
ENSG00000230772	20	25714900	25715729
ENSG00000226465	20	25731854	25733397
ENSG00000250090	20	25816621	25817468
ENSG00000228593	20	25900135	25900317
ENSG00000226203	20	25936448	25949924
ENSG00000231081	20	25989427	25991167
ENSG00000204556	20	25999468	26001320
ENSG00000132819	20	55966463	55984389
ENSG00000125804	20	26035291	26073683
ENSG00000240108	20	26084052	26094664
ENSG00000230440	20	26113523	26114834
ENSG00000227195	20	26167556	26232162
ENSG00000196074	20	58438618	58508710
ENSG00000238129	20	26171625	26174582
ENSG00000204555	20	29449474	29449652
ENSG00000205611	20	29513582	29521213
ENSG00000225490	20	29521637	29522987
ENSG00000200325	20	29543691	29543802
ENSG00000231934	20	29558488	29596406
ENSG00000221319	20	29637162	29637300
ENSG00000238151	20	29637799	29638060
ENSG00000215546	20	29861973	29862670
ENSG00000224628	20	29873120	29874638
ENSG00000237929	20	29899106	29899765
ENSG00000236121	20	29929174	29932274
ENSG00000252649	20	29944673	29944781
ENSG00000212717	20	29948578	29948733
ENSG00000212134	20	29964122	29964249
ENSG00000204547	20	30009239	30016983
ENSG00000233354	20	30073581	30075377
ENSG00000101898	20	30135307	30135852
ENSG00000235313	20	30150969	30151879
ENSG00000230613	20	30155510	30161066
ENSG00000201770	20	30168892	30168995
ENSG00000264395	20	30194989	30195043
ENSG00000236559	20	30274019	30304628
ENSG00000230801	20	30396306	30396552
ENSG00000199497	20	30489057	30489229
ENSG00000252623	20	30596154	30596275
ENSG00000226239	20	30615556	30619378
ENSG00000212571	20	30638391	30638508
ENSG00000265736	20	30706457	30706554
ENSG00000224452	20	30758193	30758593
ENSG00000235217	20	30774280	30778330
ENSG00000221667	20	30825598	30825650
ENSG00000264308	20	30865503	30865591
ENSG00000236772	20	31037558	31041410
ENSG00000233293	20	31148895	31161690
ENSG00000228156	20	31169765	31181702
ENSG00000198547	20	31219428	31261743
ENSG00000175730	20	31276723	31278816
ENSG00000260536	20	31430934	31442063
ENSG00000260257	20	31444848	31446557
ENSG00000214245	20	31635323	31635958
ENSG00000263856	20	31645394	31645476
ENSG00000237662	20	31775197	31776098
ENSG00000183566	20	31781391	31798268
ENSG00000224876	20	31802726	31804873
ENSG00000233106	20	31860068	31860463
ENSG00000233146	20	31904675	31917775
ENSG00000125997	20	31935526	31942250
ENSG00000264923	20	32046605	32046854
ENSG00000272521	20	32244893	32245415
ENSG00000271803	20	32262323	32263186
ENSG00000229188	20	32316737	32319634
ENSG00000230837	20	32339973	32340349
ENSG00000230753	20	32375179	32398903
ENSG00000214200	20	32500129	32501142
ENSG00000228958	20	32552968	32553382
ENSG00000228265	20	32570858	32582163
ENSG00000228386	20	32602775	32605555
ENSG00000264616	20	32636925	32636996
ENSG00000229472	20	32668955	32669754
ENSG00000225246	20	32710276	32711096
ENSG00000214185	20	32801301	32803698
ENSG00000250917	20	32822646	32868979
ENSG00000236456	20	32833759	32834343
ENSG00000272945	20	32869438	32874272
ENSG00000234087	20	32935477	32935591
ENSG00000201498	20	32971971	32972071
ENSG00000234933	20	32989955	32990502
ENSG00000236388	20	33029397	33029830
ENSG00000231795	20	33038735	33042357
ENSG00000207997	20	33054130	33054223
ENSG00000181741	20	33063729	33064279
ENSG00000206582	20	33114315	33114411
ENSG00000231034	20	33276492	33276782
ENSG00000225336	20	33421378	33422265
ENSG00000207635	20	33578179	33578300
ENSG00000202150	20	33618120	33618223
ENSG00000201151	20	33704939	33705010
ENSG00000200301	20	33783109	33783226
ENSG00000269202	20	33789550	33791091
ENSG00000264888	20	33802392	33802492
ENSG00000126005	20	33804265	33865934
ENSG00000229230	20	33805812	33805988
ENSG00000261582	20	33855688	33867846
ENSG00000235214	20	33873054	33873559
ENSG00000221763	20	34041776	34041919
ENSG00000230155	20	34064028	34078808
ENSG00000268340	20	34106682	34107108
ENSG00000242507	20	34108569	34117481
ENSG00000132801	20	44486256	44507761
ENSG00000224497	20	34132175	34132492
ENSG00000168612	20	44509866	44513905
ENSG00000124092	20	56071035	56100708
ENSG00000149634	20	44515128	44516274
ENSG00000124257	20	44517264	44519926
ENSG00000088340	20	34146507	34195484
ENSG00000196227	20	58508819	58523735
ENSG00000132670	20	2844830	3019722
ENSG00000132825	20	58511894	58515352
ENSG00000227401	20	34176246	34176529
ENSG00000222460	20	34231065	34231384
ENSG00000252549	20	34235250	34235352
ENSG00000238549	20	34304393	34304492
ENSG00000225357	20	34340736	34341641
ENSG00000222152	20	34357707	34357789
ENSG00000234274	20	34438596	34438837
ENSG00000199676	20	34441174	34441286
ENSG00000219608	20	34466398	34466655
ENSG00000201221	20	34475581	34475723
ENSG00000207053	20	34516492	34516597
ENSG00000260032	20	34633544	34638882
ENSG00000234139	20	34660363	34673182
ENSG00000231470	20	34663940	34664523
ENSG00000237063	20	34674174	34676114
ENSG00000239089	20	34708884	34708994
ENSG00000232406	20	34736648	34743682
ENSG00000232907	20	35136563	35201794
ENSG00000259716	20	35177530	35232932
ENSG00000124215	20	58533471	58609066
ENSG00000227688	20	35248806	35249826
ENSG00000202255	20	35296962	35297073
ENSG00000265441	20	35374459	35374533
ENSG00000242509	20	35498502	35498793
ENSG00000231241	20	35650146	35650387
ENSG00000064601	20	44518783	44527459
ENSG00000226144	20	35677657	35678110
ENSG00000236159	20	35794177	35794715
ENSG00000213979	20	36073135	36073936
ENSG00000235044	20	36158441	36158945
ENSG00000228234	20	36231254	36231587
ENSG00000225759	20	36247700	36251521
ENSG00000204117	20	36305312	36311636
ENSG00000199683	20	36603558	36603883
ENSG00000252791	20	36681049	36681148
ENSG00000264767	20	36726798	36727102
ENSG00000206249	20	36916733	36954938
ENSG00000224635	20	37034658	37045444
ENSG00000196756	20	37049235	37063996
ENSG00000235408	20	37053843	37053979
ENSG00000225091	20	37055952	37056085
ENSG00000201512	20	37058313	37058446
ENSG00000200354	20	37062508	37062641
ENSG00000201811	20	37070679	37070812
ENSG00000176659	20	58630980	58648008
ENSG00000174365	20	37075221	37079564
ENSG00000179242	20	59827482	60515673
ENSG00000199266	20	37078013	37078146
ENSG00000263473	20	37145206	37145275
ENSG00000231307	20	37166401	37167101
ENSG00000213959	20	37243556	37244119
ENSG00000199691	20	37390171	37390485
ENSG00000240474	20	37501413	37501720
ENSG00000261431	20	37590568	37590754
ENSG00000223864	20	37606354	37607065
ENSG00000230324	20	37842420	37853391
ENSG00000211534	20	37900183	37900258
ENSG00000224357	20	37957657	37958567
ENSG00000263943	20	37977739	37978035
ENSG00000241840	20	37981402	37981674
ENSG00000229976	20	38414363	38441871
ENSG00000234878	20	38561564	38561881
ENSG00000124253	20	56136136	56141513
ENSG00000237767	20	38633119	38637171
ENSG00000233415	20	38660227	38672531
ENSG00000263518	20	38731860	38731998
ENSG00000223410	20	38749682	38754998
ENSG00000252434	20	39045515	39045586
ENSG00000229771	20	39326535	39327256
ENSG00000238908	20	39482759	39482869
ENSG00000222612	20	39652845	39653034
ENSG00000226648	20	39726969	39766643
ENSG00000272029	20	39809096	39825427
ENSG00000272407	20	39825287	39825578
ENSG00000242748	20	39825331	39825797
ENSG00000263989	20	39918922	39919217
ENSG00000235102	20	39959763	39960300
ENSG00000229398	20	40011023	40011747
ENSG00000235088	20	40087994	40090584
ENSG00000179253	20	60292562	60294804
ENSG00000232493	20	40176061	40176561
ENSG00000252386	20	40313625	40313730
ENSG00000199287	20	40328260	40328355
ENSG00000212224	20	40341118	40341239
ENSG00000225458	20	40619780	40692609
ENSG00000223651	20	40625771	40628037
ENSG00000228959	20	40642674	40644118
ENSG00000229892	20	41235334	41236199
ENSG00000229042	20	41314044	41317202
ENSG00000227599	20	41597383	41600132
ENSG00000130699	20	60528525	60640866
ENSG00000223190	20	41691966	41692249
ENSG00000233508	20	41818862	41830011
ENSG00000240639	20	41850846	41851147
ENSG00000226038	20	41859400	41859900
ENSG00000252193	20	41933195	41933319
ENSG00000237555	20	42017282	42017681
ENSG00000201021	20	42034113	42034218
ENSG00000233711	20	42051836	42052178
ENSG00000206998	20	42079799	42079900
ENSG00000201372	20	42101653	42101759
ENSG00000234271	20	42151901	42152212
ENSG00000226143	20	42178029	42179589
ENSG00000215467	20	42281163	42281931
ENSG00000206801	20	42425077	42425183
ENSG00000233277	20	42523360	42524108
ENSG00000241229	20	42635888	42636178
ENSG00000223891	20	42839600	42854667
ENSG00000201363	20	42973479	42973569
ENSG00000226812	20	42976192	42983825
ENSG00000229005	20	43001386	43024346
ENSG00000233376	20	43018264	43020177
ENSG00000266151	20	43036760	43036843
ENSG00000265893	20	43053692	43053781
ENSG00000273283	20	43062837	43063236
ENSG00000237907	20	43077417	43078732
ENSG00000226243	20	43095204	43095482
ENSG00000132832	20	43285092	43324737
ENSG00000125787	20	3024268	3026393
ENSG00000244558	20	43323533	43374662
ENSG00000263911	20	43509479	43509775
ENSG00000227477	20	43592435	43595043
ENSG00000124256	20	56178902	56195632
ENSG00000252021	20	43632989	43633095
ENSG00000233352	20	43858458	43858832
ENSG00000243995	20	43859509	43861972
ENSG00000232880	20	44016987	44017345
ENSG00000234011	20	44076042	44076982
ENSG00000237464	20	44116253	44118888
ENSG00000237068	20	44119458	44120311
ENSG00000232135	20	44165435	44165653
ENSG00000229900	20	44168622	44168866
ENSG00000201923	20	44188397	44188515
ENSG00000230860	20	44196629	44197446
ENSG00000235508	20	44269125	44270009
ENSG00000266071	20	44333741	44333819
ENSG00000226188	20	44374376	44374926
ENSG00000168630	20	44378559	44378713
ENSG00000221046	20	44407337	44407462
ENSG00000271984	20	44521333	44522058
ENSG00000125901	20	3026591	3028900
ENSG00000235525	20	44603888	44604714
ENSG00000204044	20	44642141	44650712
ENSG00000101405	20	3052266	3053163
ENSG00000203346	20	44644111	44644231
ENSG00000213820	20	44728157	44728815
ENSG00000149657	20	60697517	60710434
ENSG00000229957	20	44797043	44799876
ENSG00000101200	20	3063202	3065370
ENSG00000215452	20	45042867	45087915
ENSG00000225849	20	45092541	45093763
ENSG00000184617	20	45113100	45121279
ENSG00000271784	20	45318298	45318928
ENSG00000266136	20	45439477	45439561
ENSG00000222874	20	45487972	45488311
ENSG00000235922	20	45492202	45492743
ENSG00000236028	20	45529782	45530365
ENSG00000226769	20	45626235	45627127
ENSG00000239783	20	45700504	45700875
ENSG00000215450	20	45789477	45790339
ENSG00000264901	20	45795609	45795700
ENSG00000265532	20	45936797	45937126
ENSG00000263770	20	45943269	45943336
ENSG00000273451	20	45976881	45977886
ENSG00000231119	20	45981305	45983377
ENSG00000224565	20	46020673	46041071
ENSG00000234075	20	46106958	46107754
ENSG00000202186	20	46113022	46113125
ENSG00000201742	20	46121722	46121829
ENSG00000221294	20	46199679	46199759
ENSG00000229853	20	46259010	46260182
ENSG00000255438	20	46306645	46315041
ENSG00000238950	20	46455713	46455788
ENSG00000215448	20	46488532	46489416
ENSG00000251770	20	46501935	46502017
ENSG00000238785	20	46533092	46533167
ENSG00000234967	20	46579543	46580799
ENSG00000228503	20	46586766	46587347
ENSG00000237423	20	46609232	46617488
ENSG00000229522	20	46612148	46613057
ENSG00000124225	20	56223448	56286592
ENSG00000252227	20	46764686	46764766
ENSG00000235621	20	46988693	46999372
ENSG00000236874	20	47012066	47013638
ENSG00000238452	20	47122480	47122555
ENSG00000251876	20	47355867	47355985
ENSG00000230758	20	47654894	47655139
ENSG00000227431	20	47657000	47662581
ENSG00000226284	20	47751017	47751549
ENSG00000177410	20	47894715	47905797
ENSG00000101182	20	60711791	60718496
ENSG00000209042	20	47895477	47895565
ENSG00000222365	20	47896856	47896946
ENSG00000212304	20	47897220	47897309
ENSG00000265225	20	48203218	48203311
ENSG00000124237	20	56725960	56736206
ENSG00000264946	20	48338486	48338782
ENSG00000231878	20	48346128	48346379
ENSG00000252540	20	48411348	48411451
ENSG00000252123	20	48444529	48444590
ENSG00000237788	20	48445662	48447622
ENSG00000199490	20	48537134	48537231
ENSG00000239157	20	48556833	48556937
ENSG00000229222	20	48573282	48574569
ENSG00000206710	20	48588643	48588749
ENSG00000231265	20	48657253	48658041
ENSG00000237595	20	48780001	48782639
ENSG00000100979	20	44527399	44540794
ENSG00000234698	20	48782899	48788279
ENSG00000231742	20	48789087	48793096
ENSG00000124227	20	56793551	56803709
ENSG00000224397	20	48884023	48896332
ENSG00000203999	20	48909257	48931459
ENSG00000233077	20	48927248	48937879
ENSG00000244376	20	49045729	49046020
ENSG00000231715	20	49096304	49096528
ENSG00000239742	20	49174221	49174535
ENSG00000201501	20	49179546	49179647
ENSG00000185019	20	3088219	3140842
ENSG00000232043	20	49187512	49194578
ENSG00000208018	20	49202323	49202416
ENSG00000221091	20	49231173	49231322
ENSG00000231302	20	49237300	49237614
ENSG00000234693	20	49262008	49278812
ENSG00000230043	20	49457152	49457286
ENSG00000265062	20	49477445	49477523
ENSG00000228663	20	49530268	49530948
ENSG00000259456	20	49547521	49561671
ENSG00000265582	20	49555183	49555269
ENSG00000232358	20	49615907	49626556
ENSG00000215251	20	3127165	3140543
ENSG00000228820	20	49747325	49748204
ENSG00000263592	20	49794042	49794136
ENSG00000263645	20	49993772	49993858
ENSG00000266761	20	50069442	50069514
ENSG00000215444	20	50351072	50351606
ENSG00000227964	20	50448336	50479451
ENSG00000252467	20	50518830	50518934
ENSG00000252654	20	50521508	50521569
ENSG00000124224	20	56806188	56884495
ENSG00000263659	20	50557083	50557372
ENSG00000233347	20	50726883	50727588
ENSG00000234948	20	50827184	51266970
ENSG00000225785	20	51068003	51072158
ENSG00000232465	20	51104461	51117130
ENSG00000234821	20	51127791	51128107
ENSG00000088899	20	3143263	3154192
ENSG00000232294	20	51288456	51307468
ENSG00000232286	20	51474877	51479394
ENSG00000230636	20	51506701	51506925
ENSG00000252629	20	51679156	51679240
ENSG00000199218	20	51714191	51714523
ENSG00000223492	20	51785182	51796089
ENSG00000227705	20	51812768	51825244
ENSG00000271774	20	51872518	52103813
ENSG00000231703	20	52014199	52029448
ENSG00000224530	20	52037738	52038195
ENSG00000259723	20	52069597	52120853
ENSG00000198171	20	3170996	3185331
ENSG00000206959	20	52161154	52161264
ENSG00000197670	20	52169309	52191847
ENSG00000235415	20	52224893	52251129
ENSG00000238468	20	52285236	52285297
ENSG00000225563	20	52416362	52417857
ENSG00000241721	20	52491791	52492096
ENSG00000236352	20	52556699	52559047
ENSG00000184402	20	60718822	60757540
ENSG00000265595	20	52684947	52685024
ENSG00000252089	20	53476227	53476351
ENSG00000185834	20	53691155	53691685
ENSG00000224008	20	54036874	54043735
ENSG00000235166	20	54039549	54084752
ENSG00000222118	20	54780108	54780229
ENSG00000235594	20	54842928	54844287
ENSG00000230843	20	54871023	54874216
ENSG00000228601	20	55034484	55034639
ENSG00000212084	20	55035322	55035413
ENSG00000238294	20	55050699	55050801
ENSG00000179467	20	55097413	55097855
ENSG00000125877	20	3189514	3204516
ENSG00000225657	20	55152619	55173677
ENSG00000214541	20	55176757	55177169
ENSG00000252536	20	55182733	55182849
ENSG00000252091	20	55242486	55242587
ENSG00000241821	20	55263457	55263749
ENSG00000237000	20	55275893	55276570
ENSG00000221416	20	55293942	55294025
ENSG00000231604	20	55305453	55306516
ENSG00000207158	20	55361037	55361143
ENSG00000251772	20	55575143	55575213
ENSG00000238644	20	55629846	55629897
ENSG00000231078	20	55680797	55682184
ENSG00000203266	20	55689971	55697148
ENSG00000235032	20	55789928	55790922
ENSG00000226308	20	55841853	55858054
ENSG00000252064	20	55886910	55887014
ENSG00000266666	20	55896558	55896647
ENSG00000231005	20	55903602	55903752
ENSG00000228995	20	55932482	55933425
ENSG00000218018	20	55959216	55968118
ENSG00000124209	20	56884752	56942563
ENSG00000124097	20	56063448	56064083
ENSG00000227297	20	56174751	56176256
ENSG00000263453	20	56470450	56470500
ENSG00000221007	20	56493940	56494091
ENSG00000203971	20	56532182	56534716
ENSG00000221451	20	56551074	56551149
ENSG00000221385	20	56642512	56642663
ENSG00000225708	20	56644110	56647126
ENSG00000270411	20	56672323	56672647
ENSG00000231290	20	57090435	57194944
ENSG00000254620	20	57169473	57179029
ENSG00000221174	20	57180140	57180283
ENSG00000254419	20	57285851	57286689
ENSG00000237121	20	57315588	57358877
ENSG00000270279	20	57329407	57331894
ENSG00000268649	20	57392187	57392780
ENSG00000216031	20	57393281	57393368
ENSG00000235590	20	57393974	57425958
ENSG00000268333	20	57408864	57411584
ENSG00000225806	20	57438583	57463864
ENSG00000270951	20	57451647	57452036
ENSG00000232925	20	57688279	57688686
ENSG00000263903	20	57921434	57921535
ENSG00000225129	20	57927250	57932829
ENSG00000124164	20	56964178	57026157
ENSG00000230352	20	57935982	57939828
ENSG00000233686	20	58035674	58035892
ENSG00000227282	20	58090246	58091094
ENSG00000101181	20	60758085	60778624
ENSG00000238194	20	58201519	58203344
ENSG00000238777	20	58427722	58427783
ENSG00000228340	20	58662895	59102516
ENSG00000088836	20	3208063	3219836
ENSG00000207802	20	58883532	58883625
ENSG00000229690	20	58989454	58989930
ENSG00000266140	20	59053169	59053239
ENSG00000265617	20	59139620	59139683
ENSG00000261035	20	59387060	59389267
ENSG00000229755	20	59652280	59652872
ENSG00000229606	20	59654196	59655235
ENSG00000225106	20	60313275	60330112
ENSG00000221417	20	60528602	60528718
ENSG00000235018	20	60612485	60613012
ENSG00000265306	20	60639858	60639941
ENSG00000198768	20	57034157	57090187
ENSG00000101180	20	60790026	60795323
ENSG00000268941	20	57209828	57210772
ENSG00000130703	20	60813580	60871268
ENSG00000124222	20	57226328	57254582
ENSG00000088854	20	3229951	3388272
ENSG00000100982	20	44563267	44576662
ENSG00000198026	20	44577292	44600833
ENSG00000130706	20	60877149	60883918
ENSG00000254995	20	57226490	57290466
ENSG00000215440	20	57264187	57294294
ENSG00000088812	20	3451687	3631769
ENSG00000130702	20	60883011	60942368
ENSG00000100985	20	44637547	44645200
ENSG00000125861	20	3639939	3644046
ENSG00000124140	20	44650356	44688784
ENSG00000149451	20	3648612	3662893
ENSG00000171858	20	60962172	60963576
ENSG00000149679	20	60963688	60982341
ENSG00000130701	20	60985293	61002589
ENSG00000087460	20	57414773	57486247
ENSG00000130700	20	61038553	61051026
ENSG00000174407	20	61147660	61167971
ENSG00000088827	20	3667617	3687775
ENSG00000167046	20	61272071	61274656
ENSG00000101187	20	61273797	61317137
ENSG00000124160	20	44689624	44718591
ENSG00000101017	20	44746911	44758502
ENSG00000101188	20	61340189	61394123
ENSG00000101189	20	61427805	61431945
ENSG00000060491	20	61436187	61445352
ENSG00000149654	20	44802372	44937137
ENSG00000132622	20	3713314	3733758
ENSG00000092758	20	61447596	61472511
ENSG00000080189	20	44978167	44993043
ENSG00000101220	20	3734155	3749034
ENSG00000101222	20	3758151	3762095
ENSG00000125817	20	3764498	3767337
ENSG00000101224	20	3767578	3786762
ENSG00000101190	20	61472467	61493115
ENSG00000101191	20	61509090	61569304
ENSG00000062598	20	44994688	45061704
ENSG00000101193	20	61569471	61576996
ENSG00000101194	20	61584052	61599949
ENSG00000125843	20	3801178	3805949
ENSG00000125533	20	61637331	61638387
ENSG00000149658	20	61826781	61847586
ENSG00000101158	20	57556263	57570188
ENSG00000101197	20	61867235	61871859
ENSG00000088888	20	3827487	3849280
ENSG00000101198	20	61872136	61904046
ENSG00000101199	20	61904137	61921142
ENSG00000198185	20	45129701	45142198
ENSG00000101203	20	61924538	61966203
ENSG00000125779	20	3869486	3907605
ENSG00000149635	20	45169585	45179213
ENSG00000101236	20	3907956	3996229
ENSG00000158296	20	45186463	45304714
ENSG00000101204	20	61975420	62009753
ENSG00000205300	20	4050799	4055812
ENSG00000088826	20	4101627	4168394
ENSG00000075043	20	62037542	62103993
ENSG00000171873	20	4201329	4229721
ENSG00000171867	20	4666882	4682236
ENSG00000171864	20	4702556	4709106
ENSG00000180259	20	4711928	4721314
ENSG00000101265	20	4760669	4804291
ENSG00000101210	20	62119366	62130505
ENSG00000125534	20	62152077	62153559
ENSG00000101213	20	62159778	62168723
ENSG00000172315	20	45313004	45318418
ENSG00000197496	20	45338126	45364965
ENSG00000125508	20	62172163	62178857
ENSG00000089057	20	4833002	4990939
ENSG00000064655	20	45523263	45817492
ENSG00000125531	20	62184373	62188061
ENSG00000089063	20	5080486	5093749
ENSG00000130589	20	62189439	62205592
ENSG00000101216	20	62218955	62258394
ENSG00000132646	20	5095599	5107272
ENSG00000197457	20	62271061	62284780
ENSG00000258366	20	62289163	62328416
ENSG00000101290	20	5107432	5178533
ENSG00000101292	20	5282317	5297378
ENSG00000026036	20	62290653	62330037
ENSG00000125772	20	5525085	5591672
ENSG00000101040	20	45837859	45985567
ENSG00000243509	20	62328021	62330037
ENSG00000101246	20	62329996	62339377
ENSG00000197114	20	62338817	62367494
ENSG00000273154	20	62340216	62370456
ENSG00000203896	20	62366815	62370456
ENSG00000273047	20	62369623	62371751
ENSG00000125520	20	62371214	62374858
ENSG00000171984	20	5731039	5844558
ENSG00000130584	20	62375019	62462597
ENSG00000089199	20	5892076	5906007
ENSG00000269223	20	62474779	62475273
ENSG00000183260	20	62492566	62494341
ENSG00000268858	20	62492879	62493217
ENSG00000089195	20	5917881	5931182
ENSG00000101150	20	62496596	62522898
ENSG00000125885	20	5931298	5975852
ENSG00000101152	20	62526518	62567384
ENSG00000198276	20	62571186	62587769
ENSG00000267848	20	62585007	62585495
ENSG00000196700	20	62588055	62680113
ENSG00000130590	20	62605466	62611361
ENSG00000101161	20	62612488	62664453
ENSG00000088766	20	5986736	6020699
ENSG00000267882	20	45947246	45949467
ENSG00000125872	20	6021424	6034695
ENSG00000124151	20	46130601	46285621
ENSG00000203883	20	62679076	62680994
ENSG00000101311	20	6055492	6104191
ENSG00000171703	20	62681189	62703700
ENSG00000125845	20	6748311	6760927
ENSG00000171700	20	62704534	62711323
ENSG00000125510	20	62711526	62731996
ENSG00000171695	20	62714733	62715712
ENSG00000125522	20	62737173	62738524
ENSG00000196132	20	62783144	62873604
ENSG00000203880	20	62887094	62926855
ENSG00000255743	20	172864	172940
ENSG00000272874	20	247827	249498
ENSG00000247315	20	278214	280961
ENSG00000225377	20	300957	328868
ENSG00000206797	20	431307	431406
ENSG00000101278	20	820090	820620
ENSG00000215388	20	1141228	1142341
ENSG00000234684	20	1306049	1359378
ENSG00000229728	20	1342266	1343229
ENSG00000266085	20	1469195	1469292
ENSG00000242324	20	1497405	1538299
ENSG00000252103	20	1509702	1509805
ENSG00000271523	20	1572038	1572494
ENSG00000237914	20	1614154	1629118
ENSG00000223750	20	1645929	1688846
ENSG00000242348	20	1647006	1647284
ENSG00000236550	20	1657308	1657553
ENSG00000234282	20	1702691	1703183
ENSG00000271461	20	1737402	1739586
ENSG00000232528	20	1748603	1760641
ENSG00000230839	20	1784662	1798252
ENSG00000233896	20	1927892	1988163
ENSG00000227663	20	2056201	2056468
ENSG00000263452	20	2137858	2137927
ENSG00000226644	20	2187863	2193797
ENSG00000207305	20	2433656	2433763
ENSG00000251806	20	2443608	2443683
ENSG00000221062	20	2633423	2633488
ENSG00000221116	20	2634858	2634932
ENSG00000271798	20	2635713	2635844
ENSG00000212498	20	2636743	2636828
ENSG00000229686	20	2637270	2637340
ENSG00000226572	20	2637585	2637656
ENSG00000228293	20	2644998	2646520
ENSG00000180344	20	2677351	2677781
ENSG00000226217	20	2761260	2761687
ENSG00000263905	20	3074861	3075153
ENSG00000235958	20	3087559	3131513
ENSG00000266792	20	3261065	3261355
ENSG00000201294	20	3340683	3340789
ENSG00000226632	20	3342527	3342971
ENSG00000201346	20	3364876	3365086
ENSG00000266355	20	3384863	3384932
ENSG00000225116	20	3445824	3446091
ENSG00000230568	20	3470176	3471652
ENSG00000264957	20	3487654	3487759
ENSG00000229539	20	3868886	3869515
ENSG00000199024	20	3898141	3898218
ENSG00000226608	20	4004552	4005091
ENSG00000215063	20	4040280	4040760
ENSG00000230176	20	4173712	4176590
ENSG00000236387	20	4411808	4412320
ENSG00000238282	20	4456285	4505846
ENSG00000228210	20	4571639	4571946
ENSG00000226948	20	4610073	4610865
ENSG00000231071	20	4716315	4717319
ENSG00000252096	20	4849630	4849764
ENSG00000252058	20	4863030	4863122
ENSG00000234573	20	4994166	4994370
ENSG00000266199	20	5006365	5006628
ENSG00000212536	20	5079033	5079122
ENSG00000252367	20	5094639	5094729
ENSG00000212517	20	5102063	5102185
ENSG00000225022	20	5273034	5273477
ENSG00000200313	20	5326652	5326806
ENSG00000226995	20	5407541	5451740
ENSG00000230563	20	5451853	5455828
ENSG00000205181	20	5476713	5485259
ENSG00000266908	20	5479762	5483527
ENSG00000225640	20	5488521	5490648
ENSG00000101323	20	7863628	7921121
ENSG00000225831	20	5513524	5513981
ENSG00000235820	20	5514274	5516535
ENSG00000233578	20	5529486	5530127
ENSG00000202380	20	5870701	5870858
ENSG00000215589	20	5908731	5909964
ENSG00000207380	20	5945184	5945296
ENSG00000231961	20	5945826	5946157
ENSG00000263755	20	5982379	5982674
ENSG00000233402	20	6181636	6182838
ENSG00000234241	20	6194346	6196028
ENSG00000271565	20	6199846	6200090
ENSG00000221449	20	6209441	6209595
ENSG00000229876	20	6427370	6509106
ENSG00000228482	20	6711905	6716783
ENSG00000251833	20	6841661	6841755
ENSG00000232271	20	7050261	7127303
ENSG00000228888	20	7127114	7234849
ENSG00000238102	20	7237227	7238861
ENSG00000261249	20	7282703	7288079
ENSG00000224711	20	7328114	7348279
ENSG00000240584	20	7614211	7614498
ENSG00000221726	20	7677533	7677624
ENSG00000215586	20	7812445	7812969
ENSG00000125827	20	7957995	8000476
ENSG00000229766	20	7999870	8024159
ENSG00000226262	20	8078471	8080421
ENSG00000225479	20	8229351	8237564
ENSG00000221201	20	8589827	8589912
ENSG00000222298	20	8590801	8590887
ENSG00000178591	20	67891	77735
ENSG00000201348	20	8811833	8812040
ENSG00000196562	20	46285092	46415360
ENSG00000228438	20	8910542	8910685
ENSG00000252819	20	9047481	9047555
ENSG00000225988	20	9485827	9495645
ENSG00000125788	20	123010	126392
ENSG00000232738	20	9556255	9558336
ENSG00000243961	20	9966736	9987764
ENSG00000227906	20	10002620	10349424
ENSG00000088782	20	138111	139804
ENSG00000264599	20	10036968	10037063
ENSG00000230506	20	10154168	10177638
ENSG00000185982	20	168494	170322
ENSG00000232448	20	10160883	10166423
ENSG00000237005	20	10315067	10315346
ENSG00000125903	20	207899	210527
ENSG00000214835	20	10329805	10330276
ENSG00000186458	20	238377	241737
ENSG00000182621	20	8112824	8949003
ENSG00000196476	20	251504	271390
ENSG00000177764	20	277737	280965
ENSG00000177732	20	306207	310865
ENSG00000125841	20	327426	340304
ENSG00000101255	20	361261	378203
ENSG00000101333	20	9049410	9461889
ENSG00000125826	20	388142	411610
ENSG00000125875	20	416124	443197
ENSG00000124126	20	47240790	47444420
ENSG00000101266	20	459116	524465
ENSG00000125869	20	9495005	9511171
ENSG00000124198	20	47538427	47653230
ENSG00000101349	20	9518036	9819689
ENSG00000132623	20	9966774	10037410
ENSG00000132639	20	10199478	10288066
ENSG00000124207	20	47662849	47713489
ENSG00000125863	20	10381657	10414870
ENSG00000149346	20	10415951	10617477
ENSG00000101384	20	10618332	10654694
ENSG00000125899	20	11008408	11010014
ENSG00000124214	20	47729878	47804904
ENSG00000132640	20	11871371	11907257
ENSG00000125878	20	584441	591042
ENSG00000271303	20	627259	634014
ENSG00000270299	20	627270	656444
ENSG00000215397	20	642240	656823
ENSG00000101276	20	740724	749131
ENSG00000125898	20	814358	838106
ENSG00000101280	20	853296	896977
ENSG00000101282	20	939095	982907
ENSG00000125818	20	1093906	1160596
ENSG00000125895	20	1161205	1166059
ENSG00000215595	20	1184098	1188918
ENSG00000244588	20	1206700	1277065
ENSG00000172296	20	12989627	13147411
ENSG00000101298	20	1246960	1289972
ENSG00000101230	20	13202418	13281298
ENSG00000089123	20	13246709	13619587
ENSG00000124228	20	47835884	47860614
ENSG00000089048	20	13694969	13765532
ENSG00000125775	20	1290619	1309883
ENSG00000203630	20	1316228	1317555
ENSG00000088832	20	1349622	1373806
ENSG00000101247	20	13765596	13799067
ENSG00000124201	20	47854483	47894963
ENSG00000088833	20	1422807	1454487
ENSG00000158445	20	47980414	48099184
ENSG00000124212	20	48120411	48184683
ENSG00000101251	20	13829893	13977089
ENSG00000158470	20	48249482	48330415
ENSG00000197818	20	48429250	48508779
ENSG00000172264	20	13976015	16033842
ENSG00000158480	20	48519928	48532080
ENSG00000125848	20	14303634	14318262
ENSG00000124226	20	48552948	48570429
ENSG00000089177	20	16252749	16554078
ENSG00000124216	20	48599536	48605423
ENSG00000124208	20	48697661	48770174
ENSG00000244687	20	48697661	48732496
ENSG00000240849	20	48697663	48770335
ENSG00000196209	20	1451386	1472233
ENSG00000125900	20	1514897	1539489
ENSG00000172216	20	48807376	48809212
ENSG00000260861	20	1520790	1600655
ENSG00000196396	20	49126891	49201299
ENSG00000101307	20	1544167	1600707
ENSG00000089012	20	1609798	1638425
ENSG00000042062	20	49202645	49308065
ENSG00000125870	20	16710606	16722421
ENSG00000198053	20	1875154	1920543
ENSG00000124171	20	49348081	49373332
ENSG00000101327	20	1959403	1974732
ENSG00000124243	20	49411431	49493714
ENSG00000125834	20	2082257	2157684
ENSG00000125780	20	2276647	2321724
ENSG00000125879	20	16729003	16750707
ENSG00000101126	20	49505585	49547958
ENSG00000166948	20	2361554	2413399
ENSG00000125835	20	2442280	2451499
ENSG00000000419	20	49551404	49575092
ENSG00000125851	20	17206752	17465223
ENSG00000125864	20	17474550	17549865
ENSG00000124217	20	49575363	49577820
ENSG00000026559	20	49620193	49639666
ENSG00000125868	20	17550508	17590564
ENSG00000256566	20	2447858	2489553
ENSG00000088876	20	2462463	2505348
ENSG00000101096	20	50003494	50179370
ENSG00000149488	20	2517253	2622430
ENSG00000125844	20	17594323	17662940
ENSG00000101361	20	2632791	2639039
ENSG00000054793	20	50213053	50385173
ENSG00000101115	20	50400581	50419059
ENSG00000020256	20	50668202	50820847
ENSG00000182463	20	51588946	52111869
ENSG00000227164	20	52105495	52106164
ENSG00000171940	20	52183604	52226446
ENSG00000064787	20	52553316	52687304
ENSG00000125888	20	17674317	17716516
ENSG00000089006	20	17922241	17949623
ENSG00000019186	20	52769988	52790512
ENSG00000101132	20	52824386	52844591
ENSG00000101134	20	53092136	53267710
ENSG00000054803	20	54572496	54580528
ENSG00000124089	20	54823788	54824871
ENSG00000125850	20	17937623	18039832
ENSG00000124098	20	54933971	54943719
ENSG00000125871	20	17949556	17971765
ENSG00000232838	20	18118517	18123813
ENSG00000149474	20	18118762	18169031
ENSG00000087586	20	54944445	54967393
ENSG00000125846	20	18269121	18297640
ENSG00000089091	20	18364011	18447925
ENSG00000132664	20	18447771	18465287
ENSG00000089050	20	18467184	18477887
ENSG00000101310	20	18488137	18542059
ENSG00000125821	20	18568537	18744561
ENSG00000149443	20	18790372	18810797
ENSG00000132631	20	18794370	18795033
ENSG00000185052	20	19193290	19703581
ENSG00000268628	20	19738296	19738679
ENSG00000132669	20	19867165	19983101
ENSG00000173418	20	19997760	20014299
ENSG00000101343	20	20015012	20036690
ENSG00000089101	20	20033158	20341346
ENSG00000173404	20	20348765	20351590
ENSG00000188559	20	20370196	20693131
ENSG00000088930	20	21283942	21370463
ENSG00000125816	20	21376005	21378666
ENSG00000125820	20	21491648	21494664
ENSG00000125813	20	21686297	21696620
ENSG00000125798	20	22561643	22566093
ENSG00000132671	20	23016057	23017314
ENSG00000178726	20	23026270	23030378
ENSG00000125810	20	23059986	23066977
ENSG00000269407	20	23330015	23334066
ENSG00000132661	20	23331373	23335414
ENSG00000125812	20	23342787	23353700
ENSG00000125814	20	23355159	23402125
ENSG00000125823	20	23420322	23425567
ENSG00000125831	20	23431040	23433494
ENSG00000125815	20	23471738	23476655
ENSG00000101435	20	23545369	23549386
ENSG00000173335	20	23583047	23586513
ENSG00000101439	20	23608534	23619110
ENSG00000101441	20	23666277	23669677
ENSG00000170373	20	23728190	23731905
ENSG00000170369	20	23804406	23807368
ENSG00000170367	20	23856572	23860387
ENSG00000149435	20	23965690	23969416
ENSG00000101463	20	24449835	24647252
ENSG00000077984	20	24929866	24940564
ENSG00000101474	20	24943561	24973615
ENSG00000154930	20	24986868	25039616
ENSG00000100987	20	25051521	25062996
ENSG00000197586	20	25176329	25207365
ENSG00000268302	20	25207122	25207370
ENSG00000100994	20	25228705	25278650
ENSG00000100997	20	25275379	25371619
ENSG00000101003	20	25388363	25433264
ENSG00000101004	20	25433341	25566153
ENSG00000170191	20	25593571	25604811
ENSG00000130684	20	25654851	25677477
ENSG00000175170	20	25744102	25848861
ENSG00000149531	20	29611857	29634010
ENSG00000215547	20	29845467	29847435
ENSG00000215545	20	29891015	29896388
ENSG00000131068	20	29956421	29961726
ENSG00000180483	20	29964967	29978406
ENSG00000204548	20	29992648	30000641
ENSG00000180424	20	30028322	30038060
ENSG00000180383	20	30053309	30064560
ENSG00000088320	20	30063096	30072708
ENSG00000101294	20	30102231	30157370
ENSG00000125968	20	30193086	30194318
ENSG00000131055	20	30225691	30232809
ENSG00000171552	20	30252255	30311792
ENSG00000268457	20	30309001	30309134
ENSG00000088325	20	30327074	30389608
ENSG00000101306	20	30407111	30422492
ENSG00000179772	20	30432103	30433420
ENSG00000149599	20	30435440	30458550
ENSG00000131044	20	30458505	30532764
ENSG00000088356	20	30532758	30539895
ENSG00000260903	20	30555805	30591190
ENSG00000101331	20	30598245	30619984
ENSG00000101336	20	30639991	30689659
ENSG00000101337	20	30697309	30755061
ENSG00000126003	20	30780306	30795594
ENSG00000101346	20	30795683	30826470
ENSG00000101350	20	30865467	30922814
ENSG00000171456	20	30946155	31027122
ENSG00000197183	20	31030862	31172876
ENSG00000204393	20	31175281	31196695
ENSG00000149600	20	31290493	31331803
ENSG00000088305	20	31350191	31397162
ENSG00000101367	20	31407699	31438211
ENSG00000215529	20	31446729	31549006
ENSG00000167098	20	31571579	31592239
ENSG00000078898	20	31595406	31611515
ENSG00000167104	20	31619454	31631853
ENSG00000186190	20	31643230	31661434
ENSG00000186191	20	31667450	31699557
ENSG00000131050	20	31749574	31769218
ENSG00000131059	20	31805116	31815564
ENSG00000269117	20	31823091	31823387
ENSG00000198183	20	31823801	31831115
ENSG00000125999	20	31861286	31897684
ENSG00000101391	20	31946645	31989367
ENSG00000101400	20	31995761	32031698
ENSG00000078699	20	32077881	32237842
ENSG00000125967	20	32244893	32262269
ENSG00000149609	20	32250090	32253425
ENSG00000182584	20	32254304	32256331
ENSG00000101412	20	32263489	32274210
ENSG00000101417	20	32294512	32308125
ENSG00000131061	20	32319463	32380075
ENSG00000101421	20	32399110	32442172
ENSG00000125970	20	32581452	32696114
ENSG00000125977	20	32676104	32700138
ENSG00000101440	20	32782375	32857150
ENSG00000101444	20	32868074	32899608
ENSG00000078747	20	32951041	33099198
ENSG00000125971	20	33104214	33128762
ENSG00000101460	20	33134658	33148149
ENSG00000101464	20	33148346	33264910
ENSG00000198646	20	33284722	33413452
ENSG00000078804	20	33292094	33301243
ENSG00000131067	20	33432523	33460663
ENSG00000131069	20	33459949	33515769
ENSG00000100983	20	33516236	33543620
ENSG00000078814	20	33563206	33590240
ENSG00000100991	20	33590207	33680674
ENSG00000088298	20	33703167	33865928
ENSG00000101000	20	33759876	33765165
ENSG00000125966	20	33814457	33864801
ENSG00000242372	20	33866714	33872788
ENSG00000125998	20	33873534	33880204
ENSG00000101019	20	33890369	33999944
ENSG00000204183	20	34020827	34023248
ENSG00000125965	20	34021145	34042568
ENSG00000126001	20	34042985	34099804
ENSG00000125975	20	34111014	34117481
ENSG00000125991	20	34129770	34145405
ENSG00000061656	20	34203814	34208971
ENSG00000214078	20	34213953	34252878
ENSG00000272897	20	34220262	34262466
ENSG00000244462	20	34236847	34252878
ENSG00000244005	20	34255977	34287281
ENSG00000125995	20	34287194	34288906
ENSG00000131051	20	34291531	34330234
ENSG00000025293	20	34359896	34538303
ENSG00000171222	20	34541539	34547394
ENSG00000149646	20	34556512	34618622
ENSG00000088367	20	34679426	34820721
ENSG00000269650	20	34756461	34758180
ENSG00000131043	20	34824381	34858840
ENSG00000080845	20	34894258	35157040
ENSG00000101335	20	35169887	35178228
ENSG00000118707	20	35201891	35222353
ENSG00000259399	20	35202956	35240787
ENSG00000101084	20	35234137	35240960
ENSG00000101082	20	35240721	35274619
ENSG00000101079	20	35280169	35374481
ENSG00000149636	20	35380194	35402221
ENSG00000149639	20	35405845	35492089
ENSG00000101342	20	35504524	35522638
ENSG00000101347	20	35518632	35580246
ENSG00000080839	20	35624752	35724398
ENSG00000269846	20	35724188	35725581
ENSG00000101353	20	35729629	35807991
ENSG00000118705	20	35806813	35870022
ENSG00000118702	20	35879489	35890238
ENSG00000101363	20	35918041	35945663
ENSG00000197122	20	35973088	36034453
ENSG00000166619	20	36120874	36156333
ENSG00000053438	20	36149617	36152092
ENSG00000132792	20	36322408	36500531
ENSG00000132821	20	36531499	36573752
ENSG00000101407	20	36611409	36661870
ENSG00000101413	20	36661948	36720768
ENSG00000198959	20	36756863	36794980
ENSG00000149633	20	36838890	36889174
ENSG00000101425	20	36888551	36965907
ENSG00000129988	20	36974759	37005665
ENSG00000170471	20	37101459	37207504
ENSG00000182035	20	37209838	37217106
ENSG00000124143	20	37230577	37279678
ENSG00000101438	20	37353105	37358015
ENSG00000101442	20	37377085	37400834
ENSG00000101445	20	37434348	37551667
ENSG00000101447	20	37554955	37581703
ENSG00000101452	20	37590942	37668366
ENSG00000204103	20	39314488	39317880
ENSG00000198900	20	39657458	39753127
ENSG00000124181	20	39765600	39811629
ENSG00000174306	20	39807088	39946312
ENSG00000132793	20	39969560	39989222
ENSG00000183798	20	39988606	39995467
ENSG00000124177	20	40030741	40247133
ENSG00000196090	20	40701392	41818610
ENSG00000124193	20	42086568	42092245
ENSG00000185513	20	42136320	42179590
ENSG00000101049	20	42187608	42216877
ENSG00000101052	20	42219571	42275936
ENSG00000101057	20	42295754	42345136
ENSG00000124196	20	42354804	42355638
ENSG00000124191	20	42543504	42698256
ENSG00000149596	20	42740335	42816218
ENSG00000132823	20	42825136	42839431
ENSG00000124194	20	42875887	42909013
ENSG00000197296	20	42931478	42939809
ENSG00000101074	20	42965626	42979875
ENSG00000101076	20	42984340	43061485
ENSG00000168746	20	43080624	43093984
ENSG00000124120	20	43104526	43123244
ENSG00000132824	20	43124862	43150750
ENSG00000168734	20	43160426	43252888
ENSG00000269605	20	43234346	43248126
ENSG00000196839	20	43248163	43280874
ENSG00000064205	20	43343485	43357150
ENSG00000124249	20	43374421	43379675
ENSG00000101098	20	43380449	43438979
ENSG00000166913	20	43514317	43537173
ENSG00000101104	20	43538703	43587676
ENSG00000025772	20	43570771	43589127
ENSG00000101109	20	43595115	43708600
ENSG00000124134	20	43720951	43729753
ENSG00000175121	20	43738093	43743813
ENSG00000168703	20	43752066	43753106
ENSG00000124102	20	43803517	43805185
ENSG00000124233	20	43835638	43838413
ENSG00000124157	20	43849941	43853099
ENSG00000124107	20	43880880	43883205
ENSG00000124159	20	43922085	43937169
ENSG00000124232	20	43935491	43945803
ENSG00000124145	20	43953928	43977064
ENSG00000204070	20	43990577	44005438
ENSG00000254806	20	43991840	44039250
ENSG00000124251	20	44002526	44036529
ENSG00000244274	20	44034697	44039250
ENSG00000124155	20	44044717	44054884
ENSG00000269549	20	44074071	44077220
ENSG00000268111	20	44095910	44107452
ENSG00000101443	20	44098346	44110172
ENSG00000101446	20	44141101	44144264
ENSG00000243543	20	44162835	44168134
ENSG00000101448	20	44165625	44176391
