ENSG00000169762	4	16162128	16229033
ENSG00000145321	4	72607410	72669758
ENSG00000172007	4	140374386	140397763
ENSG00000271958	4	38619886	38621058
ENSG00000222230	4	38760412	38760513
ENSG00000207944	4	38869653	38869748
ENSG00000249207	4	39114297	39128438
ENSG00000249685	4	39135533	39137228
ENSG00000206675	4	39299225	39299331
ENSG00000222592	4	39400769	39400868
ENSG00000264621	4	39413530	39413594
ENSG00000238797	4	39443285	39443384
ENSG00000224097	4	39481875	39483525
ENSG00000249348	4	39529639	39596327
ENSG00000252796	4	39622632	39622693
ENSG00000255458	4	39640760	39668264
ENSG00000252975	4	39711705	39711796
ENSG00000145391	4	140417095	140527853
ENSG00000249019	4	39715462	39716071
ENSG00000243260	4	39762620	39762919
ENSG00000180610	4	39771701	39773000
ENSG00000271278	4	39934074	39935181
ENSG00000252970	4	39938373	39938475
ENSG00000250568	4	39974748	39975062
ENSG00000170006	4	153539784	153601317
ENSG00000231707	4	39975064	39975958
ENSG00000249064	4	40021860	40023137
ENSG00000205794	4	40044537	40058819
ENSG00000200455	4	40079504	40079602
ENSG00000201863	4	40084603	40084726
ENSG00000248977	4	40143818	40143985
ENSG00000260296	4	40168295	40169451
ENSG00000250338	4	40267092	40268077
ENSG00000249241	4	40318502	40332436
ENSG00000239010	4	40379469	40379530
ENSG00000250893	4	40428136	40429602
ENSG00000221122	4	40465733	40465820
ENSG00000242197	4	40493750	40494041
ENSG00000169989	4	153690506	153700916
ENSG00000263642	4	40504057	40504136
ENSG00000248780	4	40788127	40788727
ENSG00000250906	4	40814796	40828168
ENSG00000145348	4	106962756	107242652
ENSG00000207195	4	40828672	40828782
ENSG00000238351	4	40870886	40870987
ENSG00000201736	4	40992171	40992290
ENSG00000199790	4	41086624	41086730
ENSG00000207198	4	41115959	41116062
ENSG00000251173	4	41222091	41258744
ENSG00000207481	4	41305254	41305354
ENSG00000239627	4	41391132	41391610
ENSG00000249216	4	41690875	41694814
ENSG00000249081	4	41724555	41725529
ENSG00000250467	4	41750310	41826136
ENSG00000249122	4	41752362	41759358
ENSG00000200338	4	41773962	41774120
ENSG00000249745	4	41844171	41845967
ENSG00000164113	4	123300121	123350957
ENSG00000245870	4	41878498	41884628
ENSG00000264105	4	160049954	160050046
ENSG00000216089	4	160216866	160216935
ENSG00000249771	4	41885077	41896596
ENSG00000248552	4	160296251	160296474
ENSG00000250180	4	160319685	160322398
ENSG00000249887	4	41926197	41926397
ENSG00000251979	4	160428047	160428180
ENSG00000164144	4	153701089	153839615
ENSG00000250488	4	160587655	160698936
ENSG00000272862	4	41990758	41991254
ENSG00000250997	4	161442981	161443463
ENSG00000249212	4	42031226	42032140
ENSG00000151615	4	147560045	147563626
ENSG00000249425	4	161460406	161507969
ENSG00000242635	4	161739574	161740021
ENSG00000250781	4	42283847	42393285
ENSG00000221362	4	161925029	161925110
ENSG00000249568	4	162300105	162309569
ENSG00000249419	4	162943885	162968719
ENSG00000266058	4	42448007	42448089
ENSG00000240167	4	42473827	42474397
ENSG00000251253	4	163243340	163245059
ENSG00000248396	4	163442834	163443193
ENSG00000248283	4	42563474	42564442
ENSG00000248431	4	163661820	163663200
ENSG00000251123	4	163905947	163906568
ENSG00000250027	4	164029937	164041117
ENSG00000183090	4	144498455	144621828
ENSG00000085871	4	140586922	140661899
ENSG00000260519	4	42659513	42659945
ENSG00000251517	4	42708124	42709352
ENSG00000250547	4	164186727	164187735
ENSG00000252595	4	42894413	42894635
ENSG00000227283	4	164303331	164303668
ENSG00000248939	4	43135884	43236973
ENSG00000264535	4	164444444	164444538
ENSG00000273449	4	164450923	164451849
ENSG00000250657	4	43342892	43347617
ENSG00000253001	4	164749952	164750265
ENSG00000177803	4	164853678	164854334
ENSG00000213851	4	43412058	43412954
ENSG00000250746	4	165109463	165111519
ENSG00000248143	4	43459544	43494560
ENSG00000251501	4	43588345	43590114
ENSG00000248546	4	165118159	165118863
ENSG00000239464	4	43600559	43600854
ENSG00000239679	4	43865291	43865563
ENSG00000169744	4	16503164	16900432
ENSG00000251162	4	165518871	165519128
ENSG00000124399	4	43900474	43901368
ENSG00000223037	4	165541884	165541989
ENSG00000248162	4	165646462	165647858
ENSG00000250863	4	43982023	43983637
ENSG00000251350	4	44018878	44024080
ENSG00000248771	4	165675216	165724947
ENSG00000266496	4	44450022	44450127
ENSG00000251159	4	44535632	44535897
ENSG00000201050	4	165708442	165708548
ENSG00000273369	4	44695963	44696403
ENSG00000272936	4	44706422	44706982
ENSG00000137473	4	147627790	147867034
ENSG00000249729	4	44842397	44843419
ENSG00000248329	4	165798156	165820117
ENSG00000120251	4	158125334	158287227
ENSG00000248987	4	44946032	44946978
ENSG00000250496	4	99943462	99944282
ENSG00000272777	4	99988407	99989276
ENSG00000250227	4	165836717	165838135
ENSG00000244146	4	165841770	165842215
ENSG00000196782	4	140637907	141075338
ENSG00000221891	4	165850646	165851103
ENSG00000270960	4	165854238	165854658
ENSG00000246090	4	100010008	100222513
ENSG00000248645	4	165859474	165861142
ENSG00000197465	4	144792020	144826716
ENSG00000121089	4	165864442	165865089
ENSG00000236941	4	165869231	165899980
ENSG00000249065	4	100081671	100082802
ENSG00000250300	4	100390755	100419855
ENSG00000248676	4	100515956	100547070
ENSG00000245322	4	100871163	101116256
ENSG00000250403	4	100911894	100912634
ENSG00000248820	4	100962998	100963261
ENSG00000222196	4	101051102	101051192
ENSG00000137460	4	153857504	153900848
ENSG00000249710	4	101111190	101136662
ENSG00000250223	4	101581436	101596270
ENSG00000251219	4	101699739	101712392
ENSG00000251636	4	101733412	101735437
ENSG00000221265	4	102251459	102251571
ENSG00000199529	4	102645033	102645137
ENSG00000251149	4	102893580	102893955
ENSG00000251309	4	102898051	102958060
ENSG00000241144	4	103269551	103269848
ENSG00000248161	4	103339759	103371167
ENSG00000153130	4	141178440	141306880
ENSG00000248632	4	165889739	165891154
ENSG00000251572	4	103382407	103383309
ENSG00000248229	4	165908417	165908939
ENSG00000260651	4	103421998	103422476
ENSG00000250887	4	165928238	165929111
ENSG00000238553	4	103487032	103487124
ENSG00000250712	4	165931611	165933003
ENSG00000241981	4	103583768	103584230
ENSG00000230069	4	103648431	103651878
ENSG00000240674	4	165933518	165933997
ENSG00000250430	4	165947413	165948096
ENSG00000248971	4	103649903	103651328
ENSG00000249617	4	165967121	165967432
ENSG00000250361	4	144917257	145061844
ENSG00000224207	4	103655515	103655772
ENSG00000250374	4	165980300	165981706
ENSG00000273097	4	165991760	165992156
ENSG00000200974	4	166173732	166173813
ENSG00000251288	4	103672558	103673798
ENSG00000229894	4	166198944	166201175
ENSG00000207559	4	166307394	166307489
ENSG00000246560	4	103749212	103765232
ENSG00000251596	4	166325219	166327502
ENSG00000252739	4	103758204	103758256
ENSG00000248287	4	166438407	166438653
ENSG00000238948	4	103780550	103780653
ENSG00000248327	4	166468684	166472212
ENSG00000250651	4	103817882	103819394
ENSG00000109654	4	154073494	154260472
ENSG00000249283	4	103883113	103884484
ENSG00000248740	4	104177316	104374815
ENSG00000250725	4	166585502	166586823
ENSG00000249500	4	166605791	166683930
ENSG00000251577	4	104469902	104545691
ENSG00000164125	4	159045626	159094470
ENSG00000250920	4	104472084	104480284
ENSG00000251571	4	104493246	104495239
ENSG00000252460	4	104845697	104845798
ENSG00000249614	4	104882773	104958080
ENSG00000251170	4	105151537	105332192
ENSG00000215999	4	105199264	105199348
ENSG00000272082	4	105412033	105412111
ENSG00000245384	4	105412122	105618749
ENSG00000109471	4	123372625	123377880
ENSG00000250670	4	105478117	105490034
ENSG00000248242	4	105575031	105887950
ENSG00000244470	4	105807275	105808112
ENSG00000248373	4	105828514	106041157
ENSG00000251906	4	105895819	105895928
ENSG00000251473	4	106024048	106025161
ENSG00000252136	4	106027144	106027251
ENSG00000251259	4	106058437	106061776
ENSG00000251586	4	106092511	106099220
ENSG00000151617	4	148402069	148466106
ENSG00000121211	4	154265801	154336270
ENSG00000138684	4	123533783	123542224
ENSG00000252959	4	166974339	166974439
ENSG00000266254	4	167148917	167148984
ENSG00000164124	4	159122756	159176563
ENSG00000206711	4	167234087	167234186
ENSG00000153132	4	141309609	141349122
ENSG00000249675	4	167309853	167447271
ENSG00000212373	4	167839515	167839629
ENSG00000250150	4	168228061	168229940
ENSG00000240772	4	168321648	168321905
ENSG00000248913	4	168569581	168569947
ENSG00000222721	4	168584137	168584453
ENSG00000270336	4	168663030	168663438
ENSG00000248601	4	168867825	169034482
ENSG00000238744	4	169231843	169231946
ENSG00000207171	4	169392560	169392690
ENSG00000229226	4	169519391	169519908
ENSG00000181004	4	123653857	123666098
ENSG00000249623	4	169569047	169569738
ENSG00000206613	4	169607759	169607867
ENSG00000214676	4	169676967	169677533
ENSG00000249609	4	169750070	169754088
ENSG00000248744	4	45011557	45053669
ENSG00000201176	4	169806506	169806612
ENSG00000201818	4	169926400	169926495
ENSG00000248320	4	45325270	45328045
ENSG00000251445	4	169931581	169932090
ENSG00000214671	4	170087423	170088268
ENSG00000224560	4	45416354	45416927
ENSG00000251171	4	170122945	170141500
ENSG00000200720	4	45482047	45482153
ENSG00000222257	4	45997136	45997440
ENSG00000264713	4	170706345	170706431
ENSG00000260878	4	46245565	46246232
ENSG00000229204	4	170712371	170712853
ENSG00000249330	4	46392272	46435205
ENSG00000252243	4	46533254	46533359
ENSG00000248625	4	170753804	170754514
ENSG00000249936	4	46725793	46726625
ENSG00000248319	4	170838912	170897053
ENSG00000138685	4	123747863	123819391
ENSG00000251200	4	170867132	170884485
ENSG00000238301	4	47307951	47308054
ENSG00000243383	4	106214815	106215100
ENSG00000260918	4	47433977	47440976
ENSG00000200917	4	106328154	106328249
ENSG00000249955	4	170902898	170914957
ENSG00000249264	4	106405855	106407237
ENSG00000242431	4	47492984	47493488
ENSG00000248822	4	171020969	171021255
ENSG00000248254	4	47558748	47562276
ENSG00000216425	4	106447753	106448554
ENSG00000151552	4	17461884	17513857
ENSG00000248739	4	171062443	171063683
ENSG00000242262	4	47708389	47709004
ENSG00000250266	4	171195070	171204230
ENSG00000251827	4	47813481	47813652
ENSG00000250922	4	106453632	106453787
ENSG00000259959	4	47842139	47846356
ENSG00000251061	4	171264240	171293462
ENSG00000250082	4	171402846	171403346
ENSG00000250522	4	106461347	106473512
ENSG00000221764	4	47978233	47978344
ENSG00000200269	4	48108098	48108205
ENSG00000181359	4	171502621	171526601
ENSG00000249885	4	106482748	106491395
ENSG00000253050	4	48111370	48111427
ENSG00000202014	4	48155451	48155552
ENSG00000250968	4	171663620	171664869
ENSG00000251722	4	48576470	48576537
ENSG00000249943	4	171735490	171735699
ENSG00000248778	4	106600207	106601251
ENSG00000248256	4	48854025	48862220
ENSG00000251961	4	171812618	171812748
ENSG00000252913	4	48934772	48934871
ENSG00000248872	4	171961753	171980314
ENSG00000251334	4	48938599	48938897
ENSG00000225455	4	49018699	49019171
ENSG00000222437	4	49199220	49199301
ENSG00000251175	4	106667402	106748329
ENSG00000221747	4	49200032	49200114
ENSG00000221415	4	49200224	49200306
ENSG00000249828	4	49205188	49205743
ENSG00000249525	4	172034940	172035732
ENSG00000266337	4	49211391	49211465
ENSG00000248755	4	172090360	172091093
ENSG00000249079	4	49214268	49214641
ENSG00000248339	4	172210626	172219418
ENSG00000250740	4	106848217	106853879
ENSG00000250016	4	49235306	49235982
ENSG00000251176	4	172474151	172485418
ENSG00000249635	4	106924474	106943635
ENSG00000249297	4	172523834	172559914
ENSG00000237961	4	49239116	49247436
ENSG00000250298	4	107279555	107288359
ENSG00000248637	4	173301179	173301638
ENSG00000222333	4	107336863	107336942
ENSG00000268736	4	49248038	49248555
ENSG00000249613	4	107354781	107374605
ENSG00000245213	4	174053079	174090803
ENSG00000248946	4	49248618	49248932
ENSG00000248583	4	49488943	49491571
ENSG00000248915	4	107757655	107758758
ENSG00000252566	4	108038489	108038561
ENSG00000251056	4	49504162	49508039
ENSG00000213522	4	108124506	108125081
ENSG00000250769	4	49509781	49510823
ENSG00000251081	4	108179857	108223027
ENSG00000252470	4	108356275	108356377
ENSG00000164168	4	148538534	148593195
ENSG00000248532	4	49525665	49525874
ENSG00000245293	4	108784635	108899955
ENSG00000269848	4	49526047	49526202
ENSG00000268967	4	49550581	49550872
ENSG00000121210	4	154387498	154557863
ENSG00000268391	4	49550935	49551452
ENSG00000222691	4	108788963	108789066
ENSG00000249604	4	108857187	108862411
ENSG00000232471	4	49552049	49559417
ENSG00000205301	4	141363416	141419531
ENSG00000251630	4	49563302	49563487
ENSG00000251539	4	49563496	49564166
ENSG00000232021	4	109088681	109177992
ENSG00000250753	4	49581850	49582206
ENSG00000265591	4	49585042	49585116
ENSG00000249337	4	49590789	49591546
ENSG00000221075	4	49597627	49597709
ENSG00000221334	4	49600440	49600522
ENSG00000221082	4	49600632	49600714
ENSG00000223099	4	49601445	49601526
ENSG00000250473	4	52731216	52731701
ENSG00000272576	4	52784938	52785547
ENSG00000243929	4	52844245	52844538
ENSG00000251040	4	52910971	52913120
ENSG00000251286	4	53306660	53307701
ENSG00000199924	4	53361015	53361118
ENSG00000241652	4	174062794	174063087
ENSG00000239068	4	53376179	53376282
ENSG00000221296	4	174189311	174189384
ENSG00000248866	4	53525573	53527835
ENSG00000170917	4	123809852	123844123
ENSG00000248774	4	174243357	174250845
ENSG00000260120	4	53546776	53558816
ENSG00000272870	4	174284931	174291597
ENSG00000226950	4	53578597	53586518
ENSG00000242882	4	174340396	174341288
ENSG00000264585	4	53578849	53578914
ENSG00000252898	4	174367754	174367855
ENSG00000212588	4	53579416	53579537
ENSG00000261646	4	174388984	174391192
ENSG00000248375	4	53586248	53586998
ENSG00000239939	4	109328999	109329734
ENSG00000212490	4	53614304	53614426
ENSG00000266656	4	53617314	53617379
ENSG00000250485	4	109338861	109340919
ENSG00000199901	4	53652704	53652805
ENSG00000250302	4	53656161	53681631
ENSG00000234492	4	109459346	109541616
ENSG00000248115	4	53811816	53824254
ENSG00000266046	4	109498228	109498296
ENSG00000206601	4	109573306	109573412
ENSG00000249257	4	109694769	109695176
ENSG00000207385	4	54131628	54131734
ENSG00000250185	4	109709901	109710935
ENSG00000265522	4	109710356	109710418
ENSG00000250930	4	54362567	54415745
ENSG00000246774	4	110224191	110237291
ENSG00000056291	4	72897521	73013784
ENSG00000249465	4	110267482	110268615
ENSG00000173966	4	54441880	54442554
ENSG00000248494	4	54459123	54470214
ENSG00000249341	4	54525375	54603323
ENSG00000179387	4	141445312	141474924
ENSG00000249706	4	54766038	54783002
ENSG00000250815	4	54793666	54794305
ENSG00000164169	4	148558936	148605381
ENSG00000229585	4	54852754	54853225
ENSG00000272650	4	54863582	54863879
ENSG00000251105	4	54942792	54943015
ENSG00000250147	4	54953093	54953950
ENSG00000170180	4	145030457	145061904
ENSG00000145375	4	123844229	124240605
ENSG00000221219	4	54969747	54969823
ENSG00000238753	4	54989267	54989371
ENSG00000249581	4	17516788	17528727
ENSG00000237125	4	174448421	174512475
ENSG00000002549	4	17578815	17609595
ENSG00000156140	4	73146686	73434516
ENSG00000171509	4	159236463	159574524
ENSG00000247950	4	110268631	110354973
ENSG00000109424	4	141480588	141489959
ENSG00000243227	4	110371931	110372224
ENSG00000207988	4	110409854	110409951
ENSG00000225094	4	110474399	110475250
ENSG00000249965	4	110476326	110476888
ENSG00000248785	4	110594999	110595280
ENSG00000273447	4	110613160	110613859
ENSG00000272795	4	110736203	110736566
ENSG00000249681	4	110800226	110801053
ENSG00000207260	4	110913481	110913587
ENSG00000263940	4	111038892	111039203
ENSG00000248200	4	111067530	111068404
ENSG00000166530	4	111173027	111173255
ENSG00000250594	4	111186021	111186173
ENSG00000212160	4	111199341	111199447
ENSG00000250304	4	111212800	111214729
ENSG00000251464	4	111320929	111321667
ENSG00000251046	4	111337054	111339660
ENSG00000199894	4	111354265	111354344
ENSG00000250511	4	111433644	111440661
ENSG00000250103	4	111516671	111536614
ENSG00000249519	4	111715559	111718500
ENSG00000137462	4	154622652	154626851
ENSG00000251808	4	111774532	111774626
ENSG00000215961	4	111781738	111781803
ENSG00000251483	4	111866265	111866955
ENSG00000251312	4	111984739	111985383
ENSG00000200963	4	112252568	112252674
ENSG00000071205	4	148653214	148993931
ENSG00000241722	4	112473010	112473329
ENSG00000248656	4	112561651	112569964
ENSG00000250855	4	112723957	112761042
ENSG00000248432	4	112725574	112730850
ENSG00000249815	4	112748037	112993854
ENSG00000250556	4	112989166	112989682
ENSG00000250307	4	112998754	112999556
ENSG00000145428	4	154631277	154681387
ENSG00000240459	4	113037666	113038059
ENSG00000109436	4	141541919	141677274
ENSG00000243280	4	113092371	113092683
ENSG00000260526	4	113150717	113152752
ENSG00000272567	4	113194124	113194472
ENSG00000222306	4	113195228	113195309
ENSG00000251441	4	113277291	113280975
ENSG00000242670	4	55087293	55087639
ENSG00000248184	4	55199059	55222121
ENSG00000248518	4	55242169	55242919
ENSG00000251264	4	55306669	55312890
ENSG00000248697	4	113377080	113378941
ENSG00000250456	4	55469378	55473298
ENSG00000249727	4	55702327	55711568
ENSG00000251256	4	55711734	55725407
ENSG00000249509	4	113436541	113468037
ENSG00000248317	4	55809796	55822985
ENSG00000244422	4	55842326	55842538
ENSG00000264332	4	55877000	55877099
ENSG00000252815	4	55898132	55898238
ENSG00000250646	4	55919227	55958701
ENSG00000244034	4	55929902	55930196
ENSG00000239545	4	56081793	56082079
ENSG00000250812	4	56085511	56086140
ENSG00000206839	4	56160657	56160765
ENSG00000250464	4	56179178	56180091
ENSG00000251111	4	56217979	56218575
ENSG00000249700	4	56230138	56262014
ENSG00000273257	4	56254116	56254438
ENSG00000203615	4	56277189	56277313
ENSG00000239040	4	56278803	56278905
ENSG00000238585	4	56367762	56367875
ENSG00000223305	4	56406669	56407002
ENSG00000272969	4	56413279	56414056
ENSG00000145423	4	154701744	154710272
ENSG00000251923	4	56664802	56664897
ENSG00000250821	4	56686169	56703548
ENSG00000164161	4	145567173	145666423
ENSG00000202358	4	56751761	56751867
ENSG00000222954	4	56796148	56796239
ENSG00000200741	4	56963556	56963670
ENSG00000248439	4	113451527	113451828
ENSG00000252489	4	57154651	57154750
ENSG00000250324	4	57186885	57187500
ENSG00000250966	4	113486144	113486554
ENSG00000251823	4	57197343	57197383
ENSG00000242083	4	57222301	57223098
ENSG00000249532	4	113567632	113571207
ENSG00000269921	4	57253791	57254319
ENSG00000270147	4	57262478	57263037
ENSG00000270109	4	57330324	57330745
ENSG00000248590	4	57459170	57461847
ENSG00000199169	4	113569030	113569097
ENSG00000199145	4	113569160	113569227
ENSG00000207927	4	113569339	113569407
ENSG00000241250	4	57576226	57576780
ENSG00000199102	4	113569519	113569586
ENSG00000227040	4	57627085	57627651
ENSG00000220924	4	113606211	113606659
ENSG00000240545	4	57660516	57660808
ENSG00000250046	4	113614203	113627966
ENSG00000265894	4	57672000	57672295
ENSG00000251799	4	57684384	57684480
ENSG00000269949	4	57827093	57827539
ENSG00000248633	4	113614615	113614948
ENSG00000238579	4	57860241	57860336
ENSG00000251703	4	57868858	57868958
ENSG00000241002	4	113659828	113660262
ENSG00000250384	4	57938849	57939298
ENSG00000202536	4	113676973	113677073
ENSG00000238541	4	57972409	57972511
ENSG00000245067	4	57975928	58071676
ENSG00000250192	4	58020743	58022618
ENSG00000243920	4	58219165	58219495
ENSG00000248505	4	58292038	58332152
ENSG00000197410	4	155153399	155412930
ENSG00000163626	4	73921797	73935472
ENSG00000241741	4	113709239	113710034
ENSG00000250500	4	113718206	113719847
ENSG00000261672	4	174514823	174515707
ENSG00000170153	4	141780961	142134031
ENSG00000234841	4	113747463	113748763
ENSG00000234801	4	174537087	174538057
ENSG00000251126	4	113801454	113803486
ENSG00000213370	4	174554879	174555522
ENSG00000228814	4	113802874	113803288
ENSG00000250043	4	174798622	174834403
ENSG00000248152	4	113900746	113993118
ENSG00000249373	4	113952443	113955707
ENSG00000196656	4	114135137	114138326
ENSG00000250708	4	174818403	174850676
ENSG00000239279	4	114340996	114341290
ENSG00000206820	4	114341479	114341642
ENSG00000250229	4	114761206	114761392
ENSG00000251216	4	174845358	174912012
ENSG00000248174	4	175015811	175141549
ENSG00000250957	4	175056206	175075788
ENSG00000251213	4	175085592	175090064
ENSG00000249875	4	175276005	175297596
ENSG00000265846	4	175344946	175345015
ENSG00000250596	4	175444852	175461495
ENSG00000251584	4	175457791	175461935
ENSG00000250760	4	175460340	175461406
ENSG00000250200	4	175844964	175845189
ENSG00000265493	4	175848458	175848542
ENSG00000250431	4	175898722	175900532
ENSG00000249411	4	175938167	175940365
ENSG00000249284	4	176207756	176211918
ENSG00000248551	4	176267509	176324261
ENSG00000249945	4	176379440	176387848
ENSG00000221136	4	176394153	176394259
ENSG00000251174	4	176415765	176417151
ENSG00000248574	4	176496019	176497291
ENSG00000249304	4	114864412	114865476
ENSG00000248716	4	115025094	115025381
ENSG00000207931	4	115577915	115578010
ENSG00000250215	4	115634735	115636076
ENSG00000240637	4	115720487	115720783
ENSG00000251308	4	116064138	116064459
ENSG00000250693	4	116549968	116550863
ENSG00000248488	4	116685255	116685975
ENSG00000250363	4	116841863	116843134
ENSG00000248173	4	116843171	117218316
ENSG00000250442	4	116964563	116965201
ENSG00000249259	4	117016266	117018222
ENSG00000250627	4	117115153	117115907
ENSG00000164056	4	124317950	124324910
ENSG00000171566	4	155456158	155471587
ENSG00000151458	4	125585207	125633887
ENSG00000250272	4	117300075	117300425
ENSG00000248139	4	117347139	117352048
ENSG00000250791	4	117410520	117436302
ENSG00000213493	4	117519317	117520767
ENSG00000164162	4	145888264	146019693
ENSG00000201752	4	117760435	117760541
ENSG00000271053	4	117779249	117780129
ENSG00000251459	4	58357556	58361399
ENSG00000223605	4	118171080	118171344
ENSG00000224932	4	118235753	118281795
ENSG00000238925	4	58358435	58358539
ENSG00000251049	4	58462106	58472038
ENSG00000250333	4	58471860	58524966
ENSG00000249831	4	58586201	58590821
ENSG00000228358	4	118281781	118294008
ENSG00000248660	4	58969313	58969600
ENSG00000249105	4	58983924	58984236
ENSG00000250340	4	59390680	59402493
ENSG00000250078	4	59428330	59431287
ENSG00000251339	4	59646791	59849870
ENSG00000251266	4	59850000	59912677
ENSG00000151623	4	148999913	149365850
ENSG00000249382	4	59852905	59853878
ENSG00000196159	4	126237554	126414087
ENSG00000250375	4	59912738	59940974
ENSG00000109445	4	142142041	142155851
ENSG00000249111	4	60018552	60041864
ENSG00000199780	4	60399504	60399616
ENSG00000249392	4	60416860	60496042
ENSG00000249892	4	60633534	60657832
ENSG00000201676	4	60698893	60698994
ENSG00000201775	4	60699781	60699885
ENSG00000216027	4	61529667	61529756
ENSG00000249066	4	61616304	61655717
ENSG00000248237	4	61649833	61650414
ENSG00000265829	4	61788337	61788402
ENSG00000240152	4	62009374	62019680
ENSG00000241261	4	62077370	62077921
ENSG00000249106	4	176711458	176733340
ENSG00000205682	4	62285964	62293939
ENSG00000226439	4	62641167	62641568
ENSG00000202169	4	62772031	62772126
ENSG00000248249	4	176883212	176883636
ENSG00000248692	4	62937470	63031272
ENSG00000250372	4	176933189	176935568
ENSG00000237684	4	118334618	118335435
ENSG00000236922	4	118349552	118612343
ENSG00000264130	4	176959234	176959339
ENSG00000201516	4	177019314	177019436
ENSG00000248980	4	177229419	177241609
ENSG00000213492	4	118495667	118497329
ENSG00000248480	4	177552543	177554382
ENSG00000248388	4	177590772	177627299
ENSG00000225405	4	62971378	62971767
ENSG00000229565	4	118755556	118791103
ENSG00000249458	4	177787768	177796611
ENSG00000251463	4	119114560	119115906
ENSG00000250263	4	177796856	177801759
ENSG00000241344	4	63114012	63114488
ENSG00000222859	4	178102596	178102895
ENSG00000269893	4	119199864	119200978
ENSG00000250249	4	63157280	63158055
ENSG00000249084	4	178264158	178278186
ENSG00000250131	4	178366133	178598280
ENSG00000248847	4	63355213	63355936
ENSG00000201931	4	178378265	178378382
ENSG00000221499	4	178465631	178465718
ENSG00000248336	4	63376187	63376489
ENSG00000251416	4	178607827	178612222
ENSG00000265085	4	63461095	63461180
ENSG00000180673	4	63682544	63684512
ENSG00000251504	4	178650792	178829090
ENSG00000251055	4	63994029	64009599
ENSG00000231442	4	64215832	64217190
ENSG00000250775	4	64334419	64359996
ENSG00000252104	4	65263412	65263505
ENSG00000252388	4	178752503	178752589
ENSG00000253000	4	179037875	179038015
ENSG00000250768	4	65296627	65298933
ENSG00000241877	4	179207849	179208439
ENSG00000201727	4	179327849	179327984
ENSG00000212191	4	179607040	179607110
ENSG00000250839	4	179990591	179990748
ENSG00000250993	4	180310288	180386459
ENSG00000251430	4	65472136	65472331
ENSG00000251385	4	65473421	65474549
ENSG00000248921	4	180778006	180778734
ENSG00000251025	4	181494617	181495180
ENSG00000249883	4	181652317	181680191
ENSG00000248197	4	181985242	182080302
ENSG00000248770	4	182158511	182158717
ENSG00000249460	4	182182314	182186182
ENSG00000230671	4	119321669	119321989
ENSG00000225356	4	182443813	182444154
ENSG00000251336	4	182741172	182751126
ENSG00000154608	4	119388745	119476483
ENSG00000251742	4	182756018	182756261
ENSG00000177822	4	182795591	183066402
ENSG00000164163	4	146019084	146050331
ENSG00000164066	4	128544426	128647892
ENSG00000164136	4	142557752	142655140
ENSG00000170390	4	150999426	151178609
ENSG00000260404	4	119512928	119554884
ENSG00000223225	4	119527605	119527708
ENSG00000225892	4	119553429	119555914
ENSG00000251433	4	182826943	182827620
ENSG00000248213	4	119557056	119559937
ENSG00000248266	4	183066005	183111535
ENSG00000221227	4	183090446	183090531
ENSG00000251155	4	119561828	119562013
ENSG00000252343	4	183469812	183469932
ENSG00000249002	4	119927187	119927556
ENSG00000251714	4	183552607	183552841
ENSG00000248816	4	183619055	183629195
ENSG00000249356	4	119990479	119991452
ENSG00000248694	4	183693718	183695084
ENSG00000250412	4	120255484	120299388
ENSG00000221186	4	183747381	183747518
ENSG00000272646	4	183802930	183803356
ENSG00000250636	4	183949754	183950873
ENSG00000201186	4	120288717	120288801
ENSG00000249244	4	120312986	120316490
ENSG00000230219	4	183958818	183961272
ENSG00000273180	4	183996633	183997186
ENSG00000260091	4	120330488	120331388
ENSG00000272784	4	184015576	184016209
ENSG00000223208	4	120355160	120355263
ENSG00000248280	4	120361716	120371312
ENSG00000251359	4	184018170	184020352
ENSG00000252702	4	184090501	184090570
ENSG00000252048	4	184097914	184098084
ENSG00000251128	4	184154781	184161787
ENSG00000238319	4	184195614	184195717
ENSG00000238596	4	184250451	184250554
ENSG00000250292	4	184301498	184302858
ENSG00000263395	4	184305706	184305773
ENSG00000248376	4	184340043	184340958
ENSG00000213434	4	184404643	184405338
ENSG00000245958	4	120375946	120473180
ENSG00000232648	4	184416091	184425647
ENSG00000249893	4	65474623	65475142
ENSG00000250169	4	65475172	65476250
ENSG00000272744	4	184438047	184438680
ENSG00000248259	4	65476334	65476627
ENSG00000239116	4	184503348	184503454
ENSG00000249045	4	65476698	65477026
ENSG00000252157	4	184574725	184574829
ENSG00000248328	4	65477092	65477606
ENSG00000201433	4	184596756	184596868
ENSG00000244669	4	65632848	65633615
ENSG00000251739	4	184627084	184627184
ENSG00000248206	4	184908831	184909903
ENSG00000250125	4	65779999	65870218
ENSG00000250726	4	184993556	184994192
ENSG00000240159	4	185175662	185176483
ENSG00000248447	4	65900352	65901735
ENSG00000221523	4	185188510	185188584
ENSG00000248998	4	66008421	66011481
ENSG00000244512	4	185200089	185200384
ENSG00000227765	4	185220282	185220800
ENSG00000249351	4	66082334	66083151
ENSG00000180712	4	185261909	185275130
ENSG00000243199	4	66439177	66440046
ENSG00000250846	4	66535679	66563747
ENSG00000248479	4	66567920	66571271
ENSG00000171564	4	155484108	155492238
ENSG00000222765	4	66672958	66673153
ENSG00000251527	4	66724479	66725922
ENSG00000249413	4	66864564	67015730
ENSG00000272304	4	66868999	66882510
ENSG00000236562	4	66959844	66960244
ENSG00000221563	4	67142542	67142646
ENSG00000244099	4	67296810	67297239
ENSG00000252890	4	67762980	67763089
ENSG00000250075	4	68283023	68333969
ENSG00000206629	4	68295309	68295472
ENSG00000250030	4	68311985	68312292
ENSG00000270257	4	68503895	68504077
ENSG00000248049	4	68566998	68946670
ENSG00000132466	4	73939093	74124515
ENSG00000250656	4	68582093	68583106
ENSG00000270228	4	68584714	68589980
ENSG00000270292	4	68590901	68592113
ENSG00000202374	4	68612954	68613104
ENSG00000232398	4	68632198	68639572
ENSG00000229009	4	68857402	68881486
ENSG00000164022	4	107236701	107270383
ENSG00000207428	4	68869613	68869719
ENSG00000227725	4	68904262	68905368
ENSG00000249096	4	185286336	185303460
ENSG00000215127	4	68926312	68929015
ENSG00000251878	4	185353120	185353203
ENSG00000270426	4	185393078	185393763
ENSG00000250426	4	69048010	69078188
ENSG00000271646	4	185395956	185398458
ENSG00000271538	4	185427614	185458708
ENSG00000249056	4	185480329	185480937
ENSG00000250026	4	69049802	69093787
ENSG00000254233	4	185505247	185546184
ENSG00000249138	4	185719450	185720200
ENSG00000251230	4	185765739	185776905
ENSG00000250950	4	120377505	120378432
ENSG00000221245	4	120490854	120490980
ENSG00000266698	4	185772167	185772264
ENSG00000250772	4	120720244	120725670
ENSG00000249173	4	185815025	185820608
ENSG00000250642	4	69148179	69151677
ENSG00000251147	4	185832043	185832506
ENSG00000263458	4	185859537	185859594
ENSG00000205208	4	159587831	159593407
ENSG00000250183	4	120858712	120885053
ENSG00000248517	4	185910151	185926340
ENSG00000248639	4	69158845	69160082
ENSG00000250754	4	185973050	186028402
ENSG00000250392	4	120860695	120885448
ENSG00000249531	4	69166043	69168177
ENSG00000200553	4	120868286	120868387
ENSG00000253825	4	120956188	120961770
ENSG00000248122	4	69170061	69170657
ENSG00000250938	4	120988113	121337921
ENSG00000162840	4	69242041	69242226
ENSG00000171503	4	159593277	159630775
ENSG00000249520	4	185986135	185986477
ENSG00000265619	4	186043476	186043576
ENSG00000250410	4	186291879	186312082
ENSG00000207231	4	186337127	186337240
ENSG00000151475	4	128651533	128695448
ENSG00000233110	4	186509063	186515157
ENSG00000109452	4	142944313	143768585
ENSG00000235902	4	186587039	186596571
ENSG00000207497	4	186631027	186631121
ENSG00000235149	4	186839294	186840614
ENSG00000239034	4	186867237	186867340
ENSG00000222727	4	186947610	186947740
ENSG00000253013	4	187051175	187051309
ENSG00000250327	4	187079050	187079997
ENSG00000251008	4	187092017	187092411
ENSG00000251165	4	187207248	187422151
ENSG00000164164	4	146031990	146101313
ENSG00000250219	4	121012201	121013437
ENSG00000171497	4	159630286	159644548
ENSG00000225665	4	121263211	121263802
ENSG00000164070	4	128702976	128761888
ENSG00000213332	4	187249870	187250755
ENSG00000212387	4	187422263	187422369
ENSG00000249409	4	121560245	121571951
ENSG00000252382	4	187778529	187778610
ENSG00000250829	4	187812123	187813520
ENSG00000212359	4	121731624	121731724
ENSG00000251609	4	121816649	121818238
ENSG00000272218	4	187813706	187814137
ENSG00000249539	4	187821694	187821992
ENSG00000223006	4	121982327	121982633
ENSG00000250344	4	121992584	122001631
ENSG00000249742	4	187900644	187943127
ENSG00000271302	4	122039454	122039889
ENSG00000252183	4	122113952	122114058
ENSG00000207148	4	122250224	122250325
ENSG00000213480	4	122290588	122291500
ENSG00000250971	4	187981253	187982084
ENSG00000264927	4	122323742	122323826
ENSG00000249747	4	188123140	188130500
ENSG00000224062	4	122372696	122373122
ENSG00000250566	4	69375159	69383365
ENSG00000261501	4	122791738	122794003
ENSG00000237868	4	122998995	122999473
ENSG00000249472	4	69480137	69480731
ENSG00000251101	4	69481111	69481855
ENSG00000250658	4	188225237	188230836
ENSG00000241037	4	123008661	123008966
ENSG00000251074	4	69492565	69494617
ENSG00000250042	4	188291802	188293075
ENSG00000248635	4	69570318	69578216
ENSG00000250620	4	188334718	188336851
ENSG00000251643	4	188362831	188365452
ENSG00000250376	4	69650336	69653192
ENSG00000251490	4	188437307	188438362
ENSG00000250590	4	188454032	188593795
ENSG00000251236	4	69679713	69680445
ENSG00000052795	4	159690290	159829201
ENSG00000251424	4	69699931	69700086
ENSG00000249235	4	69727050	69727328
ENSG00000251529	4	69743344	69745849
ENSG00000248547	4	69749603	69750158
ENSG00000248613	4	69766369	69766628
ENSG00000249642	4	188534919	188581523
ENSG00000272626	4	69766726	69772701
ENSG00000249985	4	69773636	69773752
ENSG00000198277	4	69780640	69790459
ENSG00000249162	4	188667248	188669353
ENSG00000155011	4	107842959	108204963
ENSG00000213331	4	188891427	188892438
ENSG00000198589	4	151185594	151936879
ENSG00000241011	4	189027712	189028068
ENSG00000251498	4	69838717	69841711
ENSG00000201085	4	189042685	189042788
ENSG00000247130	4	189061976	189064533
ENSG00000248370	4	189081219	189082293
ENSG00000249735	4	69850727	69854251
ENSG00000250277	4	69862653	69863427
ENSG00000242169	4	189270530	189271178
ENSG00000248880	4	189308625	189310820
ENSG00000251685	4	69870574	69886132
ENSG00000249378	4	189321890	189602205
ENSG00000164123	4	159814286	159959912
ENSG00000138801	4	108511433	108641608
ENSG00000118579	4	17616254	17635728
ENSG00000250523	4	189552078	189552901
ENSG00000252275	4	189637819	189637879
ENSG00000180015	4	189659506	189660648
ENSG00000249269	4	189678833	189700133
ENSG00000109756	4	160025330	160281321
ENSG00000251619	4	189697811	189706665
ENSG00000250626	4	189698833	189717787
ENSG00000250024	4	189911869	189923229
ENSG00000251310	4	190114254	190126031
ENSG00000249877	4	190209831	190212490
ENSG00000047662	4	17630929	17783135
ENSG00000205100	4	190394119	190396346
ENSG00000250739	4	190580759	190582640
ENSG00000227145	4	123540138	123610311
ENSG00000224786	4	123651703	123653348
ENSG00000244083	4	123736926	123737272
ENSG00000253069	4	123748169	123748245
ENSG00000240775	4	123761498	123761845
ENSG00000273007	4	123803033	123805867
ENSG00000216154	4	123928727	123928818
ENSG00000272566	4	190625035	190625644
ENSG00000250322	4	124181104	124181273
ENSG00000202215	4	190630693	190630868
ENSG00000249125	4	124411423	124443261
ENSG00000245685	4	190701490	190861426
ENSG00000251526	4	124426434	124448680
ENSG00000163257	4	17802278	17812381
ENSG00000249464	4	124571422	124851561
ENSG00000266024	4	190739823	190739892
ENSG00000250666	4	190802670	190806023
ENSG00000249462	4	190894754	190895002
ENSG00000271307	4	190901057	190901762
ENSG00000251297	4	190903678	190906026
ENSG00000226655	4	124666078	124666828
ENSG00000228489	4	124666905	124667381
ENSG00000250458	4	124783015	124783170
ENSG00000249890	4	69887374	69888058
ENSG00000250484	4	124983617	124984145
ENSG00000199572	4	190936293	190936410
ENSG00000201145	4	190938851	190938969
ENSG00000250919	4	69893549	69910296
ENSG00000224807	4	190942562	190943820
ENSG00000109805	4	17812525	17846485
ENSG00000250053	4	190959071	190959554
ENSG00000249837	4	125070532	125173199
ENSG00000248506	4	125356905	125358275
ENSG00000214273	4	190962497	190964569
ENSG00000249003	4	190979057	190984160
ENSG00000248565	4	125384018	125384945
ENSG00000221407	4	190981535	190981630
ENSG00000258475	4	190986388	190987069
ENSG00000261083	4	125421097	125479589
ENSG00000248763	4	69932113	69935606
ENSG00000250537	4	190988796	190990406
ENSG00000201297	4	126283974	126284084
ENSG00000250149	4	126597873	126673948
ENSG00000251436	4	126602332	126604823
ENSG00000249555	4	126644422	126645372
ENSG00000251649	4	126991863	126993159
ENSG00000251284	4	69990992	69992169
ENSG00000142731	4	128802016	128820350
ENSG00000251005	4	127027294	127028078
ENSG00000168843	4	162305049	163085187
ENSG00000250100	4	69997069	70000532
ENSG00000223620	4	127484664	127485931
ENSG00000199862	4	127949262	127949374
ENSG00000251427	4	70010452	70013389
ENSG00000250945	4	127964585	127998917
ENSG00000196472	4	70047378	70048090
ENSG00000250696	4	70047818	70082484
ENSG00000268803	4	70081626	70082353
ENSG00000249763	4	70108346	70116533
ENSG00000171560	4	155504278	155511918
ENSG00000248491	4	128018046	128391724
ENSG00000248209	4	128414660	128414983
ENSG00000249795	4	128419482	128419962
ENSG00000244021	4	128733873	128734355
ENSG00000261668	4	128761353	128765195
ENSG00000251821	4	128813146	128813237
ENSG00000241651	4	128990169	128990767
ENSG00000248394	4	129076544	129077359
ENSG00000251432	4	129213906	129440549
ENSG00000273077	4	129473745	129474571
ENSG00000248187	4	129489127	129491686
ENSG00000248802	4	129504154	129522562
ENSG00000238802	4	129677181	129677284
ENSG00000251345	4	130054261	130055253
ENSG00000248958	4	130057081	130060895
ENSG00000251195	4	130098541	130100249
ENSG00000250193	4	130220330	130226177
ENSG00000246876	4	130645326	130692636
ENSG00000178177	4	17842822	18023499
ENSG00000171557	4	155525286	155534119
ENSG00000249618	4	130692814	130876523
ENSG00000222861	4	130781577	130781655
ENSG00000234125	4	130824165	130825318
ENSG00000170365	4	146402346	146479231
ENSG00000251326	4	131297384	131307526
ENSG00000248877	4	131415828	131416440
ENSG00000249018	4	131424512	131425499
ENSG00000250503	4	131802182	131806796
ENSG00000250213	4	132033903	132034410
ENSG00000206782	4	132194397	132194503
ENSG00000250102	4	132301168	132462552
ENSG00000248715	4	132461436	132461644
ENSG00000241392	4	132641417	132641698
ENSG00000252014	4	132689295	132689404
ENSG00000249416	4	132689388	132689733
ENSG00000251676	4	132694457	132712637
ENSG00000184139	4	132778498	132779068
ENSG00000251555	4	132851186	132897107
ENSG00000251598	4	132925965	133045186
ENSG00000249463	4	132948330	132949589
ENSG00000251051	4	133288941	133289634
ENSG00000251398	4	133512244	133599658
ENSG00000249038	4	133513239	133513691
ENSG00000170185	4	144106070	144144983
ENSG00000145147	4	20254883	20622184
ENSG00000145414	4	164031225	164088073
ENSG00000164023	4	108745719	108836203
ENSG00000164128	4	164245113	164265984
ENSG00000251691	4	70172187	70172891
ENSG00000250612	4	70212327	70223895
ENSG00000164129	4	164265091	164273086
ENSG00000155016	4	108852525	108874613
ENSG00000268209	4	70253298	70254025
ENSG00000215110	4	70255208	70267799
ENSG00000151005	4	164392257	164395047
ENSG00000251488	4	133757927	133902832
ENSG00000248824	4	70272649	70273373
ENSG00000249513	4	133906665	133909832
ENSG00000250241	4	133996466	134070271
ENSG00000249956	4	70274554	70288882
ENSG00000198498	4	164415594	164441691
ENSG00000248735	4	134045259	134047218
ENSG00000221637	4	134482011	134482089
ENSG00000250191	4	134495721	134496363
ENSG00000251388	4	134792401	134931845
ENSG00000250828	4	70303075	70306768
ENSG00000266277	4	134964622	134964708
ENSG00000251199	4	135176328	135248628
ENSG00000109458	4	144257915	144395721
ENSG00000248191	4	135248218	135249953
ENSG00000249686	4	70315732	70317331
ENSG00000181541	4	151503077	151505843
ENSG00000251291	4	135345022	135379007
ENSG00000151611	4	146539415	146581187
ENSG00000249000	4	135680554	135738444
ENSG00000264696	4	70345049	70345152
ENSG00000248886	4	70383385	70384118
ENSG00000249847	4	135854044	135855286
ENSG00000251228	4	135865430	135865678
ENSG00000251177	4	70438109	70451245
ENSG00000241411	4	135873414	135874044
ENSG00000138796	4	108910870	108956331
ENSG00000250144	4	135966619	135968005
ENSG00000248434	4	135988388	136018813
ENSG00000248456	4	136034060	136044934
ENSG00000236959	4	70657590	70679606
ENSG00000207188	4	136236573	136236677
ENSG00000250834	4	136292332	136293079
ENSG00000207849	4	136292745	136292836
ENSG00000248104	4	136486272	136488312
ENSG00000145425	4	152020725	152025804
ENSG00000250865	4	136713539	136727059
ENSG00000248330	4	136788138	136834835
ENSG00000251489	4	70754595	70755124
ENSG00000207322	4	136917084	136917247
ENSG00000251492	4	136925664	136926057
ENSG00000261166	4	137018952	137020395
ENSG00000234124	4	70933103	70951007
ENSG00000251567	4	137039830	137316626
ENSG00000250665	4	137047064	137060029
ENSG00000145416	4	164445450	165305202
ENSG00000249311	4	137276265	137277491
ENSG00000264362	4	137628333	137628416
ENSG00000248869	4	137717877	138133953
ENSG00000250341	4	138114910	138119521
ENSG00000222526	4	138149282	138149385
ENSG00000250813	4	138222155	138222341
ENSG00000207448	4	71567472	71567575
ENSG00000251440	4	138346580	138347018
ENSG00000207058	4	71568735	71568840
ENSG00000272986	4	71569464	71570208
ENSG00000213448	4	138369241	138369655
ENSG00000251632	4	138466885	138524584
ENSG00000250126	4	138566419	138576328
ENSG00000238318	4	71677963	71678063
ENSG00000252880	4	71713853	71713935
ENSG00000250777	4	138611631	138656131
ENSG00000207007	4	71717847	71717957
ENSG00000249170	4	72165975	72166952
ENSG00000270098	4	72300122	72303641
ENSG00000222236	4	72625235	72625333
ENSG00000248567	4	72687022	72689697
ENSG00000250877	4	73188745	73196468
ENSG00000270665	4	73672984	73673909
ENSG00000252955	4	73830895	73831020
ENSG00000210839	4	73892465	73892590
ENSG00000272859	4	73918079	73918634
ENSG00000248641	4	73964539	73964862
ENSG00000250220	4	74124926	74183670
ENSG00000221639	4	74129677	74129801
ENSG00000249976	4	74202950	74203488
ENSG00000250436	4	74374520	74399845
ENSG00000249970	4	74409539	74409730
ENSG00000228277	4	74576019	74580244
ENSG00000164073	4	128838960	128887150
ENSG00000249051	4	74643353	74643777
ENSG00000250550	4	74713583	74714546
ENSG00000249920	4	74804321	74805275
ENSG00000237136	4	146601356	146692184
ENSG00000250339	4	74809728	74810041
ENSG00000244194	4	74877295	74877595
ENSG00000248848	4	74919755	74921116
ENSG00000250034	4	138728860	138737556
ENSG00000251017	4	74951712	74952389
ENSG00000265720	4	75192603	75192680
ENSG00000250532	4	75284634	75306174
ENSG00000248307	4	138948576	139051863
ENSG00000249942	4	75418301	75514664
ENSG00000248760	4	75454449	75475972
ENSG00000250356	4	75843032	75843348
ENSG00000249717	4	75881184	75895572
ENSG00000248165	4	75919087	75960034
ENSG00000250033	4	138978618	139099331
ENSG00000260265	4	76006912	76009927
ENSG00000250315	4	76026687	76027153
ENSG00000249091	4	139198269	139202938
ENSG00000248397	4	139220010	139233812
ENSG00000250560	4	76120077	76120289
ENSG00000251372	4	139230865	139345498
ENSG00000251185	4	76194278	76286392
ENSG00000251454	4	76266489	76284234
ENSG00000251383	4	76279286	76287776
ENSG00000248646	4	76286417	76359659
ENSG00000250735	4	76326405	76348233
ENSG00000201644	4	76587305	76587397
ENSG00000151612	4	146678779	146859787
ENSG00000222644	4	76750607	76750742
ENSG00000229717	4	76751904	76753858
ENSG00000245928	4	76901943	76927095
ENSG00000225846	4	76957903	76958217
ENSG00000265931	4	77016561	77016661
ENSG00000249858	4	77265703	77266743
ENSG00000212368	4	77277763	77277868
ENSG00000240426	4	77322404	77322722
ENSG00000199857	4	77323229	77323299
ENSG00000121207	4	155548097	155674270
ENSG00000249381	4	139346677	139358023
ENSG00000248305	4	139402409	139403250
ENSG00000248795	4	139481858	139483095
ENSG00000250977	4	139585879	139586723
ENSG00000250501	4	139694704	139722793
ENSG00000238971	4	139732832	139732920
ENSG00000250195	4	139741108	139933800
ENSG00000250577	4	139845084	139845386
ENSG00000264953	4	139938647	139938733
ENSG00000252503	4	139976629	139976732
ENSG00000240723	4	140021531	140021810
ENSG00000179967	4	140036084	140036528
ENSG00000265892	4	140106595	140106897
ENSG00000207384	4	140121549	140121667
ENSG00000252362	4	140152180	140152273
ENSG00000151962	4	155702365	155749965
ENSG00000206722	4	140177811	140177914
ENSG00000200520	4	140239532	140239640
ENSG00000273247	4	140333081	140375188
ENSG00000109686	4	152023903	152246784
ENSG00000185149	4	156129781	156138230
ENSG00000183439	4	165875598	165898820
ENSG00000153147	4	144434616	144478639
ENSG00000250486	4	165878100	165880273
ENSG00000176979	4	165953105	165962896
ENSG00000164114	4	156263810	156298122
ENSG00000170088	4	165995574	166129701
ENSG00000164074	4	128886461	128960866
ENSG00000138795	4	108968701	109090112
ENSG00000109466	4	166128770	166244308
ENSG00000248863	4	140347453	140352038
ENSG00000239005	4	140357522	140357648
ENSG00000249302	4	140467420	140467881
ENSG00000272717	4	140477953	140478797
ENSG00000261268	4	140539290	140544386
ENSG00000201533	4	140606281	140606581
ENSG00000178458	4	140619298	140619708
ENSG00000252233	4	140715279	140715587
ENSG00000250698	4	141049169	141055719
ENSG00000164167	4	147096837	147121152
ENSG00000252300	4	141196195	141196266
ENSG00000196951	4	141204878	141294535
ENSG00000249754	4	141235317	141235704
ENSG00000241923	4	141287394	141288015
ENSG00000242102	4	141499079	141499374
ENSG00000248621	4	141521555	141521729
ENSG00000249661	4	141562994	141566643
ENSG00000207155	4	141621989	141622096
ENSG00000248335	4	141633322	141637235
ENSG00000273472	4	141677682	141679075
ENSG00000222613	4	141700193	141700295
ENSG00000248747	4	142161893	142199943
ENSG00000221118	4	77414400	77414539
ENSG00000238695	4	142218928	142219032
ENSG00000249278	4	77430437	77430872
ENSG00000248810	4	142240604	142253772
ENSG00000207307	4	77453375	77453480
ENSG00000263445	4	77494721	77494785
ENSG00000265314	4	77496704	77496779
ENSG00000231335	4	77558776	77565521
ENSG00000233860	4	77678113	77679627
ENSG00000250189	4	142326326	142328740
ENSG00000224218	4	77679707	77723117
ENSG00000272632	4	142351985	142352438
ENSG00000250141	4	142491084	142497230
ENSG00000264124	4	77775117	77775213
ENSG00000242134	4	143208070	143208778
ENSG00000270244	4	77807182	77807523
ENSG00000250835	4	143238391	143238699
ENSG00000242727	4	77812187	77812598
ENSG00000251248	4	143435599	143440136
ENSG00000249806	4	143487172	143582103
ENSG00000234036	4	77880013	77880322
ENSG00000250326	4	143854348	144106014
ENSG00000214062	4	78003556	78004279
ENSG00000271676	4	78033648	78034611
ENSG00000201641	4	78071481	78071590
ENSG00000270669	4	78137569	78138031
ENSG00000251300	4	143966239	143967031
ENSG00000250006	4	78232550	78233264
ENSG00000248831	4	78271523	78272388
ENSG00000249036	4	78315645	78415440
ENSG00000221711	4	78623900	78623957
ENSG00000250214	4	78785662	78785958
ENSG00000250969	4	144207446	144251011
ENSG00000200049	4	144230619	144230719
ENSG00000248926	4	78879154	78879934
ENSG00000178972	4	144256418	144258970
ENSG00000265623	4	144264613	144264688
ENSG00000248956	4	78885094	78885665
ENSG00000228981	4	144270428	144271270
ENSG00000248640	4	78909014	78909967
ENSG00000250673	4	147145709	147150208
ENSG00000243175	4	144345906	144347166
ENSG00000248128	4	78924297	78924593
ENSG00000250540	4	144418565	144419279
ENSG00000249072	4	78929666	78929842
ENSG00000249565	4	79102020	79103200
ENSG00000245112	4	144434625	144435788
ENSG00000221183	4	79109490	79109577
ENSG00000248117	4	79300351	79300668
ENSG00000200998	4	79553427	79553539
ENSG00000238816	4	79561254	79561356
ENSG00000248924	4	144476235	144476736
ENSG00000251442	4	79567057	79603853
ENSG00000236296	4	144480625	144570458
ENSG00000246448	4	144621410	144786225
ENSG00000250345	4	144681552	144683246
ENSG00000251019	4	79570108	79570396
ENSG00000239793	4	79689653	79689904
ENSG00000120519	4	147175127	147443123
ENSG00000260278	4	79694808	79697127
ENSG00000266270	4	79741906	79741975
ENSG00000242175	4	79820009	79820306
ENSG00000249307	4	79892902	80229952
ENSG00000164116	4	156587863	156653501
ENSG00000250334	4	80413570	80497614
ENSG00000249646	4	80508456	80509284
ENSG00000251399	4	80517696	80518327
ENSG00000163138	4	20697905	20754530
ENSG00000248408	4	80584915	80617991
ENSG00000251321	4	80748625	80798924
ENSG00000212620	4	80764256	80764382
ENSG00000236530	4	81000686	81002276
ENSG00000052802	4	166248775	166264312
ENSG00000244002	4	81082283	81083165
ENSG00000248719	4	81104434	81111323
ENSG00000232327	4	81307332	81309870
ENSG00000251059	4	82086094	82114549
ENSG00000207065	4	82255457	82255572
ENSG00000251331	4	82523951	82965397
ENSG00000189099	4	152198323	152212605
ENSG00000248282	4	82654539	82655361
ENSG00000138709	4	128982423	129144086
ENSG00000248448	4	82841148	82841540
ENSG00000252762	4	82849466	82849592
ENSG00000248543	4	82931818	82934248
ENSG00000250826	4	83049688	83050809
ENSG00000163631	4	74262831	74287129
ENSG00000202485	4	83095700	83095806
ENSG00000234568	4	83196224	83197753
ENSG00000273156	4	83266029	83266693
ENSG00000272677	4	83295454	83305180
ENSG00000164142	4	152330368	152584784
ENSG00000061918	4	156680144	156728743
ENSG00000109472	4	166282346	166419472
ENSG00000059691	4	152591656	152682175
ENSG00000250325	4	83322731	83323609
ENSG00000202440	4	83323791	83323859
ENSG00000214988	4	83411976	83412788
ENSG00000038295	4	166794410	167025047
ENSG00000227304	4	83415939	83417431
ENSG00000249960	4	83492290	83492967
ENSG00000248113	4	83501270	83502537
ENSG00000231782	4	83534266	83542590
ENSG00000270480	4	83612890	83613621
ENSG00000207746	4	83674490	83674583
ENSG00000270842	4	83696614	83697254
ENSG00000251022	4	83814162	83822113
ENSG00000199530	4	83865891	83865998
ENSG00000252834	4	83870321	83870397
ENSG00000251874	4	83924565	83924670
ENSG00000250057	4	84154665	84168366
ENSG00000250677	4	84158456	84158597
ENSG00000248401	4	84168332	84169359
ENSG00000251647	4	84298516	84299229
ENSG00000213608	4	84398677	84399577
ENSG00000239525	4	84423852	84424187
ENSG00000201633	4	84557349	84557443
ENSG00000249171	4	84589663	84652908
ENSG00000250546	4	84717589	85214565
ENSG00000256394	4	156750881	156787425
ENSG00000200108	4	85154810	85154916
ENSG00000214980	4	85165156	85166641
ENSG00000248749	4	85292546	85301342
ENSG00000258013	4	85465457	85465672
ENSG00000239466	4	85608881	85609171
ENSG00000251260	4	85724411	85731544
ENSG00000252062	4	85807539	85807639
ENSG00000180769	4	85887538	85932430
ENSG00000201901	4	86021649	86021976
ENSG00000248725	4	86167310	86168065
ENSG00000266421	4	86643621	86643686
ENSG00000265774	4	86831631	86831696
ENSG00000273389	4	86921480	86921919
ENSG00000261496	4	86933449	86935027
ENSG00000151790	4	156775890	156841558
ENSG00000250062	4	87039065	87141079
ENSG00000252757	4	87257471	87257767
ENSG00000266515	4	87463635	87463705
ENSG00000243312	4	87791344	87792557
ENSG00000250202	4	87797491	87797805
ENSG00000251411	4	87834419	87835970
ENSG00000185774	4	20730239	21950422
ENSG00000109475	4	109541722	109551568
ENSG00000235043	4	87870818	87871276
ENSG00000248196	4	88087996	88088886
ENSG00000248180	4	88128244	88129238
ENSG00000196104	4	167654535	168155947
ENSG00000250572	4	88183083	88187974
ENSG00000263981	4	88221647	88221735
ENSG00000255723	4	88238322	88266362
ENSG00000240966	4	88308038	88308326
ENSG00000256043	4	156845270	156875069
ENSG00000249262	4	88331796	88332540
ENSG00000251283	4	157555646	157563606
ENSG00000249741	4	144832667	144833206
ENSG00000251600	4	144833484	144903607
ENSG00000198856	4	109571740	109588976
ENSG00000109670	4	153242410	153457253
ENSG00000145431	4	157681606	157892546
ENSG00000248828	4	144874788	145047512
ENSG00000261129	4	145427052	145430153
ENSG00000250504	4	145493390	145494135
ENSG00000248890	4	145564074	145582509
ENSG00000249193	4	145766777	145768496
ENSG00000250406	4	145772724	145795939
ENSG00000164040	4	129190397	129209984
ENSG00000251452	4	145841865	145842316
ENSG00000222594	4	145956284	145956588
ENSG00000238713	4	146070689	146070801
ENSG00000240992	4	146190962	146191710
ENSG00000272727	4	146256415	146261573
ENSG00000251333	4	146296695	146297405
ENSG00000248745	4	146377157	146377996
ENSG00000250582	4	146418225	146424123
ENSG00000250902	4	146435767	146438270
ENSG00000248686	4	146520261	146521704
ENSG00000249245	4	146545311	146547187
ENSG00000248356	4	146563488	146571776
ENSG00000251687	4	146754270	146760732
ENSG00000201314	4	146879280	146879392
ENSG00000260303	4	146973756	146977914
ENSG00000251024	4	146998998	147029309
ENSG00000248809	4	147030607	147043065
ENSG00000216055	4	147043356	147043436
ENSG00000251010	4	147162958	147164821
ENSG00000207182	4	147501200	147501362
ENSG00000264323	4	147560413	147560495
ENSG00000248764	4	147855153	147866623
ENSG00000248346	4	147878590	147896609
ENSG00000260090	4	147926644	147930297
ENSG00000221369	4	148265781	148265869
ENSG00000241281	4	148347126	148347503
ENSG00000249004	4	148379876	148380473
ENSG00000251254	4	148427243	148427917
ENSG00000251688	4	148488758	148515739
ENSG00000251298	4	148530703	148538396
ENSG00000252951	4	148666454	148666568
ENSG00000264274	4	148703746	148703819
ENSG00000240014	4	148730077	148730358
ENSG00000270387	4	148837680	148838537
ENSG00000250354	4	149067622	149130031
ENSG00000251418	4	149447645	149448291
ENSG00000201846	4	149479099	149479200
ENSG00000250357	4	149614184	149615475
ENSG00000225176	4	149624678	149624984
ENSG00000164089	4	109663196	109684210
ENSG00000249317	4	149862093	149863530
ENSG00000239168	4	149912724	149912785
ENSG00000249752	4	149948597	149983674
ENSG00000250252	4	150068954	150070932
ENSG00000251716	4	88333380	88333498
ENSG00000248210	4	150075447	150199275
ENSG00000272856	4	88381959	88383432
ENSG00000249001	4	88489187	88655108
ENSG00000234828	4	150273169	150817385
ENSG00000200024	4	88665104	88665205
ENSG00000238652	4	88689637	88689733
ENSG00000249973	4	88707072	88707523
ENSG00000183199	4	88812995	88815167
ENSG00000202000	4	88921389	88921553
ENSG00000241853	4	89084731	89085119
ENSG00000201707	4	89122855	89122962
ENSG00000221440	4	89127579	89127704
ENSG00000251285	4	89141721	89144989
ENSG00000250905	4	150587209	150632301
ENSG00000199326	4	89147881	89147981
ENSG00000200469	4	89196357	89196460
ENSG00000251482	4	150711104	150711455
ENSG00000246375	4	89206094	89252573
ENSG00000202331	4	150828712	150828827
ENSG00000207480	4	89251328	89251430
ENSG00000207121	4	150855528	150855635
ENSG00000221079	4	89415084	89415168
ENSG00000250704	4	150877360	150879724
ENSG00000249934	4	89429742	89431554
ENSG00000238721	4	151130858	151130920
ENSG00000249755	4	89448311	89449321
ENSG00000248521	4	151343797	151344794
ENSG00000252322	4	89504817	89505123
ENSG00000207524	4	89605999	89606105
ENSG00000248019	4	89630940	89651254
ENSG00000249690	4	151500241	151502697
ENSG00000221235	4	151560908	151561018
ENSG00000183432	4	151642133	151642630
ENSG00000271359	4	90032651	90033519
ENSG00000252451	4	151891823	151891934
ENSG00000235606	4	151948242	151948769
ENSG00000201264	4	152023209	152023280
ENSG00000270720	4	90040435	90041022
ENSG00000208797	4	152024979	152025043
ENSG00000212226	4	90052003	90052104
ENSG00000270681	4	152061143	152062255
ENSG00000249012	4	152180655	152184001
ENSG00000251095	4	90472507	90647654
ENSG00000250350	4	152200182	152200344
ENSG00000252544	4	152221670	152221765
ENSG00000270265	4	152254927	152274376
ENSG00000251611	4	152328703	152329987
ENSG00000221657	4	152486875	152486961
ENSG00000253019	4	152497918	152498068
ENSG00000251603	4	152588376	152591654
ENSG00000251455	4	152595635	152599045
ENSG00000249184	4	152720652	152722500
ENSG00000247775	4	90757559	90763129
ENSG00000249708	4	152808695	152812415
ENSG00000249818	4	152826084	152849800
ENSG00000252087	4	91291274	91291578
ENSG00000248991	4	152840620	152865085
ENSG00000251401	4	91604147	91604274
ENSG00000187653	4	91759652	91760263
ENSG00000251249	4	152877143	152890533
ENSG00000253077	4	152892649	152892765
ENSG00000245954	4	153021906	153025872
ENSG00000248984	4	92029174	92033941
ENSG00000109738	4	157997209	158093242
ENSG00000249891	4	92806197	92806405
ENSG00000249052	4	92809037	92825486
ENSG00000250706	4	153067537	153099725
ENSG00000077684	4	129730779	129796379
ENSG00000251377	4	153128573	153147022
ENSG00000266244	4	153149620	153149686
ENSG00000244544	4	153185301	153185597
ENSG00000270302	4	153229435	153231135
ENSG00000270883	4	153239054	153239516
ENSG00000270750	4	153241696	153242196
ENSG00000270751	4	153258807	153259250
ENSG00000264678	4	153410479	153410568
ENSG00000268471	4	153457416	153460415
ENSG00000243417	4	153472429	153473516
ENSG00000240669	4	153535027	153535485
ENSG00000248571	4	153587520	153591259
ENSG00000250980	4	153717215	153717983
ENSG00000256889	4	92949929	92950119
ENSG00000248817	4	93103628	93105203
ENSG00000249152	4	93189918	93198226
ENSG00000251449	4	93623496	93623810
ENSG00000249239	4	93743137	93744069
ENSG00000248627	4	93754836	93759993
ENSG00000248750	4	93805814	93806258
ENSG00000250908	4	94239774	94240937
ENSG00000252342	4	94741322	94741431
ENSG00000246541	4	95038943	95128707
ENSG00000250897	4	95117091	95117664
ENSG00000241103	4	95290984	95291314
ENSG00000203436	4	95371802	95372043
ENSG00000249951	4	95596396	95623721
ENSG00000249599	4	95664951	95678684
ENSG00000271474	4	96470280	96473608
ENSG00000242936	4	96566103	96566444
ENSG00000200622	4	96789818	96789915
ENSG00000201744	4	97073448	97073554
ENSG00000250655	4	97133430	97134251
ENSG00000152990	4	22346694	22517677
ENSG00000252375	4	153822118	153822231
ENSG00000231841	4	153848598	153849359
ENSG00000249022	4	153955363	154012317
ENSG00000252030	4	154186814	154186907
ENSG00000201786	4	154188061	154188162
ENSG00000213406	4	154228944	154229869
ENSG00000263596	4	154281685	154281806
ENSG00000243883	4	154302879	154303167
ENSG00000250771	4	154561320	154602332
ENSG00000248208	4	154579724	154580805
ENSG00000249309	4	154641479	154648874
ENSG00000252181	4	154794519	154794603
ENSG00000264137	4	155140061	155140145
ENSG00000249200	4	155295038	155295499
ENSG00000250609	4	155444639	155445959
ENSG00000200350	4	155465085	155465189
ENSG00000248611	4	155476360	155477137
ENSG00000249074	4	155645738	155646032
ENSG00000249041	4	155675908	155703025
ENSG00000249692	4	155691720	155692068
ENSG00000222582	4	155708270	155708430
ENSG00000252604	4	155711443	155711636
ENSG00000250538	4	156127681	156130179
ENSG00000250910	4	156197841	156302498
ENSG00000249924	4	156207314	156208288
ENSG00000109511	4	169013666	169108841
ENSG00000250205	4	156302194	156302391
ENSG00000250398	4	156304259	156305254
ENSG00000271606	4	156306504	156306644
ENSG00000249247	4	156372769	156373557
ENSG00000249770	4	156373678	156374196
ENSG00000248748	4	156374201	156375955
ENSG00000248548	4	156376202	156377563
ENSG00000249127	4	156377790	156378133
ENSG00000151466	4	129786076	130014764
ENSG00000249698	4	156378332	156379112
ENSG00000248420	4	156379113	156379792
ENSG00000249386	4	156380022	156380715
ENSG00000251223	4	156380856	156382389
ENSG00000248907	4	156382785	156383815
ENSG00000251407	4	156384025	156384975
ENSG00000251244	4	156436879	156438611
ENSG00000260244	4	156655600	156658214
ENSG00000249013	4	156927630	156928140
ENSG00000221189	4	157217713	157217798
ENSG00000251511	4	157507131	157511191
ENSG00000249479	4	157563732	157564721
ENSG00000248912	4	157607816	157613788
ENSG00000248629	4	157762511	157763388
ENSG00000250622	4	157893783	157894108
ENSG00000252350	4	157907524	157907845
ENSG00000252524	4	157985709	157985815
ENSG00000199859	4	158122714	158122820
ENSG00000249819	4	158125614	158126007
ENSG00000263738	4	158281267	158281378
ENSG00000234111	4	158493642	158497306
ENSG00000221618	4	158509300	158509387
ENSG00000249275	4	158558839	158588196
ENSG00000200521	4	158689165	158689265
ENSG00000249627	4	158736162	158736632
ENSG00000250475	4	158889564	158890767
ENSG00000248429	4	159091904	159124029
ENSG00000137628	4	169137444	169239958
ENSG00000251073	4	159103977	159104545
ENSG00000250604	4	159120257	159121594
ENSG00000248510	4	97231852	97740015
ENSG00000201640	4	97269889	97270189
ENSG00000236764	4	97823952	97824201
ENSG00000253170	4	98041852	98056210
ENSG00000254044	4	98255786	98554974
ENSG00000251620	4	98288077	98411315
ENSG00000271995	4	98407957	98408047
ENSG00000250293	4	98837504	98838552
ENSG00000242697	4	98946541	98947391
ENSG00000214904	4	98969706	98970194
ENSG00000200658	4	99094935	99095030
ENSG00000214559	4	99172839	99182781
ENSG00000242318	4	99330441	99330914
ENSG00000251523	4	99417515	99431086
ENSG00000260641	4	99580055	99585701
ENSG00000249764	4	99634955	99635122
ENSG00000227118	4	99661893	99662382
ENSG00000249055	4	99830688	99830999
ENSG00000263923	4	99850048	99916145
ENSG00000238449	4	99851074	99851138
ENSG00000214886	4	99877133	99877918
ENSG00000252548	4	99887966	99888024
ENSG00000251437	4	99897951	99898268
ENSG00000265213	4	99918538	99918611
ENSG00000151470	4	130014472	130037795
ENSG00000251429	4	159191530	159199828
ENSG00000199634	4	159316546	159316686
ENSG00000248387	4	159390738	159391854
ENSG00000249901	4	159411918	159431060
ENSG00000271817	4	159621843	159622060
ENSG00000206703	4	159715742	159715848
ENSG00000221314	4	159921298	159921442
ENSG00000248988	4	159928271	159928987
ENSG00000249367	4	159947291	159947679
ENSG00000206978	4	159985449	159985550
ENSG00000266377	4	160044785	160044836
ENSG00000181381	4	169277886	169458937
ENSG00000248369	4	133356957	133368390
ENSG00000138650	4	134070470	134129356
ENSG00000254535	4	135117488	135122903
ENSG00000189184	4	138440072	138453648
ENSG00000249948	4	22694537	22821198
ENSG00000188517	4	109731877	110223813
ENSG00000109819	4	23756664	23905712
ENSG00000151012	4	139085251	139163503
ENSG00000129116	4	169418217	169849608
ENSG00000151014	4	139936943	139966906
ENSG00000109381	4	139949266	140098372
ENSG00000138802	4	110354928	110462052
ENSG00000109606	4	24519064	24586173
ENSG00000137463	4	140187317	140201492
ENSG00000145439	4	169784921	169931426
ENSG00000005059	4	110481361	110609874
ENSG00000109390	4	140188034	140223705
ENSG00000138794	4	110609785	110624739
ENSG00000154447	4	170015407	170192256
ENSG00000109610	4	24791534	24802464
ENSG00000081051	4	74296855	74321891
ENSG00000181982	4	24807739	24981826
ENSG00000164134	4	140222609	140341187
ENSG00000123739	4	110631145	110651233
ENSG00000153012	4	25000469	25032501
ENSG00000137601	4	170314426	170533780
ENSG00000205403	4	110661852	110723335
ENSG00000079557	4	74347400	74369691
ENSG00000169435	4	74437267	74486348
ENSG00000109534	4	110736666	110745893
ENSG00000180245	4	110749150	110765760
ENSG00000109572	4	170533784	170644824
ENSG00000183423	4	110769358	110793471
ENSG00000109618	4	25121627	25162204
ENSG00000138798	4	110834040	110933422
ENSG00000056050	4	170650616	170679104
ENSG00000038210	4	25162263	25280714
ENSG00000168228	4	25314407	25372005
ENSG00000169429	4	74606223	74609433
ENSG00000053900	4	25378835	25420120
ENSG00000198948	4	170907748	170954182
ENSG00000124875	4	74702214	74714781
ENSG00000109272	4	74718906	74719872
ENSG00000163739	4	74735110	74736959
ENSG00000163737	4	74846794	74847841
ENSG00000109576	4	170981373	171012850
ENSG00000163736	4	74852755	74853914
ENSG00000163735	4	74861359	74864496
ENSG00000163734	4	74902306	74904524
ENSG00000081041	4	74962752	74965010
ENSG00000163738	4	74979891	75168816
ENSG00000157765	4	25656923	25680370
ENSG00000174473	4	172733405	173962710
ENSG00000269559	4	75023327	75024085
ENSG00000109586	4	174089904	174245118
ENSG00000182585	4	75174190	75181024
ENSG00000170522	4	110967002	111120355
ENSG00000164104	4	174252846	174256276
ENSG00000164105	4	174291120	174298683
ENSG00000138792	4	111286889	111486441
ENSG00000124882	4	75230860	75254468
ENSG00000109321	4	75310851	75320726
ENSG00000091490	4	25749055	25865382
ENSG00000205595	4	75480629	75490486
ENSG00000164106	4	174305852	174327531
ENSG00000164107	4	174446120	174451380
ENSG00000164117	4	175157809	175205415
ENSG00000164118	4	175204828	175254531
ENSG00000174808	4	75669969	75719896
ENSG00000169116	4	75858305	75975325
ENSG00000164093	4	111538579	111563279
ENSG00000163743	4	76404247	76439974
ENSG00000164120	4	175411328	175444305
ENSG00000197701	4	53179	88099
ENSG00000186777	4	264464	299110
ENSG00000145451	4	175558065	175750465
ENSG00000168594	4	175750819	175899331
ENSG00000131127	4	331603	378653
ENSG00000182903	4	419604	492945
ENSG00000150625	4	176554085	176923815
ENSG00000174227	4	492989	533985
ENSG00000174749	4	113066553	113116412
ENSG00000138660	4	113152893	113191203
ENSG00000150627	4	176986985	177103978
ENSG00000145365	4	113195698	113207059
ENSG00000150628	4	177105789	177116822
ENSG00000073331	4	113206665	113363776
ENSG00000164122	4	177134824	177198722
ENSG00000129128	4	177241115	177253396
ENSG00000174796	4	76439156	76475683
ENSG00000150630	4	177604689	177713881
ENSG00000250317	4	25863452	25931435
ENSG00000174792	4	76481258	76491095
ENSG00000138769	4	76503215	76555900
ENSG00000138757	4	76567966	76649709
ENSG00000178403	4	113434672	113437328
ENSG00000168214	4	26165077	26436541
ENSG00000138658	4	113460492	113558151
ENSG00000133256	4	619373	664571
ENSG00000249008	4	178163693	178169927
ENSG00000109674	4	178230990	178284097
ENSG00000138768	4	76649777	76735382
ENSG00000038002	4	178351924	178363657
ENSG00000231171	4	178649911	178911904
ENSG00000218336	4	183065140	183724177
ENSG00000174720	4	113558120	113578748
ENSG00000129187	4	183811213	183839089
ENSG00000156194	4	76781020	76823724
ENSG00000169020	4	666225	668127
ENSG00000151718	4	184020446	184241930
ENSG00000215375	4	667369	675822
ENSG00000163394	4	26483022	26492084
ENSG00000109680	4	26578059	26756973
ENSG00000138744	4	76831809	76862204
ENSG00000109689	4	26859300	27027003
ENSG00000198301	4	76862103	76912115
ENSG00000169026	4	675618	683230
ENSG00000185619	4	699537	764428
ENSG00000145362	4	113739265	114304896
ENSG00000177300	4	184239220	184241927
ENSG00000185758	4	184242917	184243579
ENSG00000168564	4	184365744	184369351
ENSG00000168556	4	184426147	184432249
ENSG00000182552	4	184560788	184580378
ENSG00000250038	4	28363901	28404486
ENSG00000169851	4	30722037	31148422
ENSG00000047365	4	35949843	36246131
ENSG00000168993	4	778745	819986
ENSG00000168538	4	184580420	184634745
ENSG00000178950	4	843064	926161
ENSG00000268788	4	76871883	76878526
ENSG00000138755	4	76922428	76928641
ENSG00000173320	4	184774584	184944679
ENSG00000156219	4	76932337	77033955
ENSG00000164303	4	185009859	185142383
ENSG00000168310	4	185308867	185395734
ENSG00000164305	4	185548850	185570663
ENSG00000169245	4	76942273	76944650
ENSG00000169248	4	76954835	76962568
ENSG00000164306	4	185570767	185616117
ENSG00000138750	4	77035812	77069668
ENSG00000151725	4	185615772	185655287
ENSG00000127419	4	926175	952444
ENSG00000197057	4	36283244	36347378
ENSG00000174145	4	37245842	37451087
ENSG00000154274	4	37455563	37625117
ENSG00000181826	4	37592422	37687998
ENSG00000151726	4	185676749	185747972
ENSG00000169299	4	37828255	37864558
ENSG00000138760	4	77079890	77135046
ENSG00000065882	4	37892708	38140796
ENSG00000145214	4	952675	980683
ENSG00000145349	4	114372188	114683083
ENSG00000251139	4	185734773	185742443
ENSG00000187821	4	185939995	185941958
ENSG00000145217	4	972861	987228
ENSG00000189157	4	77135193	77204933
ENSG00000151729	4	186064395	186071536
ENSG00000164323	4	186080819	186130658
ENSG00000272414	4	77172874	77232282
ENSG00000109762	4	186125391	186291339
ENSG00000118804	4	77172886	77232752
ENSG00000127415	4	980785	998316
ENSG00000163749	4	77234154	77343021
ENSG00000250254	4	37962056	37962746
ENSG00000196355	4	38628029	38666430
ENSG00000109787	4	38665817	38702663
ENSG00000127418	4	1003724	1020685
ENSG00000109771	4	186285032	186317053
ENSG00000174123	4	38773860	38784611
ENSG00000186352	4	186317175	186321782
ENSG00000174125	4	38792298	38858438
ENSG00000178222	4	1050038	1107350
ENSG00000109775	4	186320694	186347139
ENSG00000174130	4	38825336	38858438
ENSG00000197712	4	38869298	38947360
ENSG00000138771	4	77356253	77704406
ENSG00000205129	4	186347394	186370980
ENSG00000186212	4	77816082	77819002
ENSG00000138758	4	77870856	77961537
ENSG00000168491	4	186366336	186392913
ENSG00000121895	4	38968365	39034542
ENSG00000109790	4	39046659	39128477
ENSG00000180801	4	114821440	114900883
ENSG00000174607	4	115519611	115599380
ENSG00000138653	4	115748919	116035032
ENSG00000157796	4	39184024	39287430
ENSG00000249679	4	186392670	186393417
ENSG00000154553	4	186422851	186456766
ENSG00000270394	4	117220016	117221520
ENSG00000174599	4	118004718	118006736
ENSG00000164100	4	118954773	119179803
ENSG00000159674	4	1160720	1202750
ENSG00000118816	4	77968311	77997158
ENSG00000138764	4	78078304	78354542
ENSG00000154556	4	186506598	186877806
ENSG00000156234	4	78432907	78532988
ENSG00000164099	4	119201193	119274158
ENSG00000138767	4	78634541	78740769
ENSG00000145388	4	119606523	119636588
ENSG00000169288	4	78783674	78873944
ENSG00000035928	4	39289076	39367995
ENSG00000150961	4	119643978	119759838
ENSG00000159692	4	1205236	1243741
ENSG00000090316	4	1283639	1333935
ENSG00000134962	4	39408473	39453156
ENSG00000138759	4	78978724	79465423
ENSG00000163682	4	39455744	39460568
ENSG00000164342	4	186990306	187009223
ENSG00000163945	4	1341054	1381837
ENSG00000121897	4	39460620	39479273
ENSG00000179979	4	1385340	1389780
ENSG00000235608	4	1396720	1400119
ENSG00000172403	4	119809996	119982402
ENSG00000174137	4	1619642	1686029
ENSG00000163950	4	1694527	1714282
ENSG00000109794	4	187025573	187093821
ENSG00000172399	4	120056939	120108944
ENSG00000178636	4	120113928	120133799
ENSG00000138772	4	79472673	79531597
ENSG00000145390	4	120133742	120216672
ENSG00000168936	4	1717679	1723085
ENSG00000013810	4	1723227	1746898
ENSG00000269302	4	187111913	187112626
ENSG00000145476	4	187112674	187134610
ENSG00000138756	4	79697496	79837526
ENSG00000164096	4	120218207	120225600
ENSG00000145384	4	120238405	120243545
ENSG00000109814	4	39500375	39529931
ENSG00000068078	4	1795034	1810599
ENSG00000163291	4	79808281	79860592
ENSG00000138735	4	120415550	120550146
ENSG00000156269	4	80146848	80247204
ENSG00000163683	4	39547950	39640710
ENSG00000196475	4	80327508	80329372
ENSG00000078140	4	39699664	39784412
ENSG00000163297	4	80822303	81046608
ENSG00000164344	4	187130133	187179625
ENSG00000121892	4	39824483	39979576
ENSG00000088926	4	187187099	187210835
ENSG00000272297	4	187347700	187476464
ENSG00000168412	4	187454809	187476721
ENSG00000083857	4	187508937	187647876
ENSG00000168924	4	1813206	1857974
ENSG00000179059	4	188916925	188926204
ENSG00000179046	4	189012427	189030757
ENSG00000184108	4	189060573	189068897
ENSG00000164109	4	120976763	120988229
ENSG00000109536	4	190861943	190884359
ENSG00000109685	4	1873151	1983934
ENSG00000138738	4	121606074	121844025
ENSG00000205097	4	190945506	190948412
ENSG00000258755	4	190992087	190993897
ENSG00000258697	4	190995380	190997190
ENSG00000259063	4	190998673	191000532
ENSG00000258834	4	191001979	191003777
ENSG00000078177	4	40058446	40159872
ENSG00000152784	4	81105033	81125483
ENSG00000258389	4	191005267	191007077
ENSG00000259034	4	191008560	191010370
ENSG00000259128	4	191011860	191013719
ENSG00000248302	4	48991	50018
ENSG00000207643	4	65017	65125
ENSG00000255436	4	85621	87340
ENSG00000250238	4	105845	107000
ENSG00000256143	4	123966	125423
ENSG00000173376	4	121956768	121994176
ENSG00000250312	4	124386	157779
ENSG00000211553	4	130242	130349
ENSG00000250892	4	195198	198798
ENSG00000198155	4	206399	249774
ENSG00000252616	4	218004	218112
ENSG00000251188	4	262771	263320
ENSG00000251689	4	263655	263964
ENSG00000251535	4	330047	330575
ENSG00000248564	4	331886	332372
ENSG00000250321	4	336610	336751
ENSG00000207642	4	343946	344041
ENSG00000138675	4	81187753	81257834
ENSG00000249025	4	387323	387447
ENSG00000211482	4	403598	403704
ENSG00000272885	4	409907	410326
ENSG00000251595	4	419224	467918
ENSG00000252150	4	461317	461425
ENSG00000273238	4	567669	568201
ENSG00000263386	4	585359	585697
ENSG00000242686	4	646639	649434
ENSG00000272927	4	654998	655734
ENSG00000248416	4	716064	717823
ENSG00000272588	4	750810	751528
ENSG00000249592	4	756175	775637
ENSG00000233799	4	758275	758862
ENSG00000260262	4	830300	831012
ENSG00000250259	4	1021466	1022760
ENSG00000251639	4	1093804	1095346
ENSG00000168421	4	40192673	40248587
ENSG00000251652	4	1107427	1126765
ENSG00000174343	4	40337346	40357234
ENSG00000185049	4	1984441	2043630
ENSG00000050730	4	122052563	122148621
ENSG00000163694	4	40425272	40632892
ENSG00000197826	4	81256874	81884910
ENSG00000152785	4	81952119	81978685
ENSG00000215367	4	1108985	1147514
ENSG00000212458	4	1112672	1112801
ENSG00000227189	4	1145160	1147489
ENSG00000273179	4	1161566	1161962
ENSG00000196810	4	1243088	1282079
ENSG00000254094	4	1350369	1351863
ENSG00000253399	4	1352267	1353249
ENSG00000272783	4	1552011	1552299
ENSG00000244459	4	1575789	1581980
ENSG00000138669	4	82009837	82136218
ENSG00000207009	4	1685147	1685256
ENSG00000270195	4	1714548	1715349
ENSG00000218422	4	1741078	1743830
ENSG00000240455	4	1870787	1871064
ENSG00000183504	4	1961768	1962113
ENSG00000249784	4	1976363	1976487
ENSG00000216105	4	1988111	1988204
ENSG00000249006	4	2090445	2092344
ENSG00000250623	4	2141400	2142785
ENSG00000249047	4	2235978	2236226
ENSG00000265080	4	2251804	2251883
ENSG00000251148	4	2297311	2320816
ENSG00000239247	4	2317926	2318233
ENSG00000249077	4	2326194	2326809
ENSG00000206113	4	2420701	2452087
ENSG00000186867	4	122250467	122302214
ENSG00000248399	4	2465524	2465851
ENSG00000251229	4	2506808	2508006
ENSG00000248155	4	2609597	2609873
ENSG00000206738	4	2616851	2616951
ENSG00000249673	4	2936626	2963465
ENSG00000199335	4	3045828	3045934
ENSG00000251075	4	3065198	3076241
ENSG00000248840	4	3314239	3314785
ENSG00000248843	4	3325704	3326489
ENSG00000261643	4	3505324	3506184
ENSG00000270090	4	3546282	3550523
ENSG00000250681	4	3634756	3635702
ENSG00000250632	4	3675320	3679582
ENSG00000250986	4	3760475	3765117
ENSG00000251166	4	3891083	3891976
ENSG00000234386	4	3903293	3904321
ENSG00000249522	4	3912010	3912331
ENSG00000253917	4	3916910	3957148
ENSG00000271977	4	3916914	3926001
ENSG00000164111	4	122589110	122618268
ENSG00000251271	4	3937174	3944248
ENSG00000138670	4	82347547	82965397
ENSG00000251669	4	3943487	3957146
ENSG00000250476	4	3968761	3969387
ENSG00000264106	4	4038811	4038914
ENSG00000243894	4	4078438	4079218
ENSG00000221301	4	4086061	4086208
ENSG00000250940	4	4088365	4088541
ENSG00000248669	4	4119652	4120011
ENSG00000243449	4	2043689	2045697
ENSG00000198787	4	4128386	4129296
ENSG00000250381	4	4145185	4152148
ENSG00000250710	4	4158249	4159170
ENSG00000249844	4	4176046	4176965
ENSG00000248516	4	4323689	4335909
ENSG00000248221	4	4477848	4483427
ENSG00000237170	4	4508805	4509504
ENSG00000179299	4	40751914	40812002
ENSG00000247708	4	4543858	4712665
ENSG00000185818	4	2061239	2070816
ENSG00000273396	4	4846164	4852554
ENSG00000251587	4	4895909	4896900
ENSG00000200761	4	4922497	4922791
ENSG00000252266	4	5428612	5428711
ENSG00000201496	4	5460308	5460608
ENSG00000263631	4	5925002	5925055
ENSG00000249896	4	6202460	6240044
ENSG00000251408	4	6204055	6208376
ENSG00000269908	4	6241168	6241664
ENSG00000251580	4	6672452	6675557
ENSG00000170846	4	6675178	6677774
ENSG00000130997	4	2073645	2243848
ENSG00000246526	4	6689175	6692246
ENSG00000265953	4	6955016	6955101
ENSG00000187904	4	6997068	7000685
ENSG00000202392	4	6998739	6999055
ENSG00000265550	4	6999253	6999353
ENSG00000245748	4	7032281	7047958
ENSG00000245468	4	7096298	7105112
ENSG00000164112	4	122680088	122686582
ENSG00000200867	4	7113815	7114126
ENSG00000264658	4	7312177	7312251
ENSG00000266690	4	7461755	7461845
ENSG00000272620	4	7755817	7780655
ENSG00000207807	4	8007028	8007108
ENSG00000273267	4	8024392	8024853
ENSG00000251460	4	8068255	8069451
ENSG00000250471	4	8176148	8176726
ENSG00000249145	4	8321903	8325590
ENSG00000248986	4	8322006	8325692
ENSG00000251615	4	8356817	8360065
ENSG00000202054	4	8394742	8394851
ENSG00000251186	4	8455137	8456669
ENSG00000205959	4	8483997	8514337
ENSG00000250915	4	8747123	8747759
ENSG00000258507	4	8860441	8862553
ENSG00000197468	4	8951356	8952285
ENSG00000249272	4	8961354	8965707
ENSG00000250804	4	8983162	8984086
ENSG00000249347	4	8992181	8992532
ENSG00000271057	4	9022583	9022887
ENSG00000138668	4	83273651	83295656
ENSG00000163697	4	40812044	41218731
ENSG00000238726	4	9025059	9025206
ENSG00000251313	4	9032012	9032792
ENSG00000250342	4	9053568	9053777
ENSG00000249767	4	9080749	9143334
ENSG00000163612	4	9155022	9167177
ENSG00000250268	4	9168023	9171996
ENSG00000264372	4	9169955	9170020
ENSG00000249482	4	9231367	9232959
ENSG00000250231	4	9240856	9242448
ENSG00000251694	4	9360109	9361701
ENSG00000205946	4	9369600	9370796
ENSG00000188438	4	9400930	9405291
ENSG00000252307	4	9412904	9412979
ENSG00000232773	4	9424039	9431428
ENSG00000248364	4	9460981	9461970
ENSG00000215323	4	9470746	9471694
ENSG00000266246	4	9472697	9472784
ENSG00000250884	4	9485365	9486349
ENSG00000226757	4	122685740	122687962
ENSG00000251624	4	9495380	9499710
ENSG00000249866	4	9514554	9515523
ENSG00000249443	4	9523555	9523921
ENSG00000242034	4	9555234	9555605
ENSG00000221275	4	9557789	9557937
ENSG00000244004	4	9564791	9565570
ENSG00000249799	4	9585566	9585755
ENSG00000265901	4	9601952	9602051
ENSG00000250942	4	9678932	9679558
ENSG00000186234	4	9694119	9704578
ENSG00000251087	4	9705374	9712436
ENSG00000249563	4	9734994	9743985
ENSG00000250425	4	9756522	9757402
ENSG00000252002	4	9794375	9794485
ENSG00000214367	4	2229191	2243891
ENSG00000249219	4	9924438	9925770
ENSG00000123737	4	122722472	122738176
ENSG00000123933	4	2249159	2264021
ENSG00000250413	4	10008106	10011349
ENSG00000261490	4	10069713	10074643
ENSG00000264931	4	10080235	10080316
ENSG00000223086	4	10117380	10117508
ENSG00000159733	4	2271309	2420390
ENSG00000250393	4	10144991	10145279
ENSG00000251296	4	10168783	10169389
ENSG00000248777	4	10201447	10202296
ENSG00000271544	4	10239837	10239859
ENSG00000250040	4	10256550	10258245
ENSG00000250573	4	10261069	10261762
ENSG00000250074	4	10269519	10269855
ENSG00000250505	4	10286585	10287332
ENSG00000251278	4	10293819	10294332
ENSG00000251338	4	10296087	10297203
ENSG00000250613	4	10412620	10413268
ENSG00000248419	4	10480148	10480547
ENSG00000249334	4	10686627	10699285
ENSG00000207716	4	11370451	11370545
ENSG00000250896	4	11373599	11374516
ENSG00000222182	4	11415675	11415784
ENSG00000251152	4	11470874	11479820
ENSG00000249631	4	11627338	11815582
ENSG00000248300	4	11742572	11771092
ENSG00000248262	4	11916291	11921312
ENSG00000266669	4	12014971	12015065
ENSG00000251210	4	12225075	12252910
ENSG00000212282	4	12314212	12314314
ENSG00000249995	4	12640710	12642633
ENSG00000249780	4	12641922	12642261
ENSG00000250371	4	12860725	12866585
ENSG00000250098	4	12949198	12950294
ENSG00000252235	4	13052966	13053035
ENSG00000205940	4	13335038	13340281
ENSG00000246095	4	13547699	13549425
ENSG00000266240	4	13629489	13629581
ENSG00000249148	4	13633444	13634223
ENSG00000242209	4	13649321	13650024
ENSG00000250634	4	13656803	13978699
ENSG00000252092	4	13660251	13660337
ENSG00000250497	4	13779001	13783781
ENSG00000224569	4	13978790	13979652
ENSG00000248698	4	14113592	14141676
ENSG00000251317	4	14127963	14128288
ENSG00000251679	4	14136560	14145216
ENSG00000249988	4	14166079	14244437
ENSG00000251412	4	14384747	14410702
ENSG00000248425	4	14392063	14395616
ENSG00000248360	4	14472089	14889793
ENSG00000152795	4	83343717	83351294
ENSG00000249428	4	2451700	2464668
ENSG00000145386	4	122737599	122745087
ENSG00000251252	4	14507489	14508104
ENSG00000202449	4	14692334	14692456
ENSG00000247624	4	14911585	15003669
ENSG00000249252	4	15006566	15429538
ENSG00000199420	4	15095391	15095718
ENSG00000251379	4	15359765	15421656
ENSG00000249930	4	15494353	15494596
ENSG00000273133	4	15565321	15565876
ENSG00000214846	4	15732585	15733250
ENSG00000248188	4	15744819	15745205
ENSG00000251644	4	15866561	15867563
ENSG00000063978	4	2463947	2627047
ENSG00000251758	4	16010299	16010410
ENSG00000249234	4	16180562	16184743
ENSG00000263327	4	16228286	16321763
ENSG00000242358	4	16257931	16258178
ENSG00000248851	4	16309079	16309790
ENSG00000249506	4	16362309	16398946
ENSG00000248138	4	16402053	16513810
ENSG00000138686	4	122745595	122791652
ENSG00000249998	4	16974898	17075526
ENSG00000251212	4	17063501	17063788
ENSG00000250819	4	17173380	17187682
ENSG00000206780	4	17322369	17322505
ENSG00000215278	4	17429319	17429897
ENSG00000238536	4	17530560	17530663
ENSG00000249488	4	17553740	17554375
ENSG00000249502	4	17589090	17616194
ENSG00000265011	4	17596691	17596959
ENSG00000235413	4	17913297	17914599
ENSG00000251048	4	18489685	18491131
ENSG00000248238	4	19173958	19458617
ENSG00000251816	4	19183437	19183479
ENSG00000248515	4	19457059	19911315
ENSG00000249441	4	19748802	19756214
ENSG00000241612	4	19815372	19815854
ENSG00000250611	4	20039183	20039595
ENSG00000248228	4	20393812	20396479
ENSG00000207732	4	20529898	20530007
ENSG00000272995	4	20768431	20768995
ENSG00000250243	4	21306165	21318108
ENSG00000250092	4	21583719	21615351
ENSG00000242768	4	21658134	21658492
ENSG00000248343	4	21699073	21720649
ENSG00000250039	4	21950638	22331953
ENSG00000239001	4	22120606	22120712
ENSG00000238383	4	22351073	22351177
ENSG00000244538	4	22595819	22596073
ENSG00000251516	4	22609124	22612686
ENSG00000237350	4	22728998	22729573
ENSG00000145293	4	83351715	83382244
ENSG00000248837	4	22999174	23058485
ENSG00000249645	4	23107125	23125110
ENSG00000249547	4	23236248	23287196
ENSG00000251220	4	23516563	23516907
ENSG00000250137	4	23562546	23770275
ENSG00000251292	4	23724885	23735202
ENSG00000249453	4	23781213	23784183
ENSG00000222262	4	24422799	24422924
ENSG00000265001	4	24431455	24431523
ENSG00000207697	4	24521815	24521913
ENSG00000154277	4	41258430	41270472
ENSG00000243005	4	24564818	24565084
ENSG00000249256	4	24659695	24659998
ENSG00000261121	4	24661479	24673191
ENSG00000249242	4	83404323	83483510
ENSG00000251638	4	24769671	24769953
ENSG00000248444	4	24773089	24774042
ENSG00000271172	4	25222025	25222535
ENSG00000264496	4	25355592	25355693
ENSG00000249320	4	25474139	25475437
ENSG00000248608	4	25506619	25508297
ENSG00000238632	4	25600186	25600247
ENSG00000248545	4	25610333	25621087
ENSG00000228154	4	25624399	25625223
ENSG00000242640	4	25680472	25680642
ENSG00000249277	4	25687824	25688080
ENSG00000138741	4	122800182	122872909
ENSG00000250050	4	25719704	25721367
ENSG00000248133	4	25721377	25721652
ENSG00000251353	4	25721721	25722053
ENSG00000248654	4	25722138	25722678
ENSG00000250541	4	25771888	25775199
ENSG00000251009	4	25866503	25871172
ENSG00000248452	4	26113487	26115461
ENSG00000265627	4	26639012	26639112
ENSG00000200999	4	26703931	26704010
ENSG00000240005	4	26861428	26862221
ENSG00000248340	4	26875183	26875971
ENSG00000251080	4	27135618	27141673
ENSG00000205830	4	27209127	27220026
ENSG00000249699	4	27219101	27283847
ENSG00000222206	4	27224941	27225049
ENSG00000251325	4	27264128	27268876
ENSG00000250858	4	27586767	27587766
ENSG00000251410	4	27969345	27986685
ENSG00000250064	4	28437071	28601897
ENSG00000243548	4	28712820	28713094
ENSG00000250927	4	28824866	28825833
ENSG00000250190	4	28998146	29016216
ENSG00000249228	4	29048213	29050387
ENSG00000248176	4	29119930	29204392
ENSG00000248338	4	29216020	29222784
ENSG00000251373	4	29408722	29409634
ENSG00000251113	4	29467323	29469472
ENSG00000252303	4	29512257	29512359
ENSG00000249542	4	29750379	29751722
ENSG00000212045	4	29751818	29751932
ENSG00000249564	4	29909281	29909413
ENSG00000244031	4	29964266	29965380
ENSG00000248281	4	30008573	30009938
ENSG00000249678	4	30777879	30795592
ENSG00000250624	4	30886065	30886804
ENSG00000145284	4	83550692	83720010
ENSG00000251182	4	31172766	31213297
ENSG00000251434	4	31351906	31353347
ENSG00000249882	4	31508288	31560443
ENSG00000251129	4	31999019	32157028
ENSG00000251329	4	32352660	32354842
ENSG00000250076	4	33012570	33013368
ENSG00000125386	4	2626988	2734292
ENSG00000249452	4	33239861	33240292
ENSG00000249766	4	33402160	33402301
ENSG00000248417	4	33435132	33439499
ENSG00000265035	4	33538366	33538464
ENSG00000250954	4	33777969	34041515
ENSG00000251755	4	33786557	33786615
ENSG00000250723	4	33852213	33981558
ENSG00000239983	4	33969796	33970148
ENSG00000248685	4	34122516	34271369
ENSG00000263814	4	34388376	34388459
ENSG00000250597	4	34659228	34671054
ENSG00000238694	4	34967863	34967966
ENSG00000250416	4	35489434	35491372
ENSG00000206665	4	35497520	35497625
ENSG00000248466	4	36066682	36067348
ENSG00000247193	4	36245738	36275842
ENSG00000251438	4	36312812	36394032
ENSG00000248215	4	36498159	36643522
ENSG00000251588	4	36507665	36510491
ENSG00000261761	4	37003438	37022330
ENSG00000247810	4	37080199	37127046
ENSG00000264319	4	37243532	37243613
ENSG00000248936	4	37589709	37590497
ENSG00000207075	4	37701517	37701624
ENSG00000138688	4	123073488	123283913
ENSG00000168884	4	2743375	2758103
ENSG00000239532	4	37822983	37823460
ENSG00000249863	4	37869913	37871599
ENSG00000227325	4	37962056	37962665
ENSG00000251332	4	37997115	37997824
ENSG00000249649	4	38008405	38008726
ENSG00000221495	4	38240234	38240317
ENSG00000251642	4	38288615	38289112
ENSG00000248227	4	38368535	38387380
ENSG00000249534	4	38422283	38524801
ENSG00000249667	4	38511388	38519677
ENSG00000251635	4	38565624	38572292
ENSG00000231160	4	38614322	38666504
ENSG00000064042	4	41361624	41702061
ENSG00000087266	4	2794750	2842825
ENSG00000138674	4	83739814	83822319
ENSG00000087274	4	2845584	2931803
ENSG00000109736	4	2932288	2936586
ENSG00000109132	4	41746099	41750987
ENSG00000109133	4	41937137	41962589
ENSG00000087269	4	2939660	2965112
ENSG00000125388	4	2965335	3042474
ENSG00000182308	4	41983713	41988476
ENSG00000014824	4	41992489	42092474
ENSG00000188848	4	42112955	42154895
ENSG00000178343	4	42399856	42404504
ENSG00000197386	4	3076408	3245676
ENSG00000124406	4	42410390	42659122
ENSG00000168152	4	83821837	83841122
ENSG00000189308	4	83831126	83934079
ENSG00000188981	4	3246096	3273465
ENSG00000159788	4	3294755	3441640
ENSG00000215203	4	42895284	43032675
ENSG00000183783	4	44175926	44450824
ENSG00000177752	4	44624086	44680573
ENSG00000138663	4	83955600	83996971
ENSG00000151806	4	44680444	44702943
ENSG00000145287	4	84011201	84058228
ENSG00000173085	4	84182689	84206067
ENSG00000163281	4	44684217	44728612
ENSG00000109758	4	3443614	3451211
ENSG00000163285	4	46037786	46126098
ENSG00000173083	4	84213614	84256306
ENSG00000151834	4	46250444	46477247
ENSG00000175920	4	3465033	3503200
ENSG00000163956	4	3508103	3534286
ENSG00000163312	4	84328496	84377009
ENSG00000170516	4	46736844	46911252
ENSG00000109158	4	46920917	46996424
ENSG00000268781	4	3511523	3511678
ENSG00000216560	4	3578596	3592438
ENSG00000184160	4	3768075	3770251
ENSG00000163319	4	84377085	84390888
ENSG00000163288	4	46995740	47428461
ENSG00000163982	4	4190530	4228616
ENSG00000132406	4	4237269	4249950
ENSG00000163322	4	84382092	84444501
ENSG00000169019	4	47452885	47465736
ENSG00000145220	4	4269428	4291896
ENSG00000145246	4	47487305	47595503
ENSG00000138678	4	84457067	84527028
ENSG00000168826	4	4291924	4323513
ENSG00000163623	4	85413140	85419603
ENSG00000163624	4	85504132	85572491
ENSG00000168824	4	4349867	4420785
ENSG00000145244	4	47596015	47840123
ENSG00000163625	4	85590704	85887544
ENSG00000168818	4	4417469	4544073
ENSG00000170448	4	47849257	47916653
ENSG00000163132	4	4861393	4865663
ENSG00000170891	4	5016313	5021199
ENSG00000138639	4	86396267	86923823
ENSG00000163293	4	47916159	48042188
ENSG00000198515	4	47937994	48018689
ENSG00000152953	4	5053169	5502725
ENSG00000074966	4	48068410	48136273
ENSG00000082929	4	5526296	5529528
ENSG00000109339	4	86936276	87515284
ENSG00000173040	4	5544499	5711275
ENSG00000135605	4	48137800	48271881
ENSG00000109171	4	48343339	48428229
ENSG00000072840	4	5712924	5830772
ENSG00000145248	4	48485360	48491213
ENSG00000182223	4	48492269	48496406
ENSG00000072832	4	5749811	5894785
ENSG00000075539	4	48499378	48782339
ENSG00000181215	4	5958845	5991545
ENSG00000152969	4	6027926	6202318
ENSG00000163629	4	87515468	87736324
ENSG00000109501	4	6271576	6304992
ENSG00000074211	4	6322305	6565327
ENSG00000145283	4	87744621	87770416
ENSG00000013288	4	6576902	6625089
ENSG00000163633	4	87797358	87857354
ENSG00000109180	4	48807229	48863834
ENSG00000172493	4	87856154	88062206
ENSG00000179010	4	6641818	6644472
ENSG00000268791	4	6693782	6694189
ENSG00000163993	4	6694796	6698897
ENSG00000178988	4	6709428	6711607
ENSG00000186222	4	6717842	6719387
ENSG00000170871	4	6783102	6885897
ENSG00000132405	4	6910969	7034845
ENSG00000145332	4	88081255	88161466
ENSG00000145247	4	48887036	48908954
ENSG00000170509	4	88224941	88244058
ENSG00000173013	4	7042579	7044728
ENSG00000173011	4	7043626	7059679
ENSG00000109519	4	7060633	7069924
ENSG00000109182	4	48988264	49064098
ENSG00000184985	4	7194265	7744554
ENSG00000109184	4	52709166	52783003
ENSG00000178597	4	7432022	7436700
ENSG00000196526	4	7760441	7941653
ENSG00000228919	4	7940728	7942022
ENSG00000188993	4	52859868	52883786
ENSG00000198189	4	88257762	88312538
ENSG00000163995	4	7967039	8160559
ENSG00000163069	4	52886872	52904648
ENSG00000170502	4	88343734	88380606
ENSG00000163071	4	52917497	52963458
ENSG00000152583	4	88394487	88452213
ENSG00000152591	4	88529681	88538062
ENSG00000152592	4	88571459	88585513
ENSG00000029559	4	88720733	88733074
ENSG00000109189	4	53457138	53525502
ENSG00000226887	4	53588785	53617807
ENSG00000128045	4	53728457	53733000
ENSG00000184178	4	53739149	54232242
ENSG00000125089	4	8183799	8243530
ENSG00000152595	4	88742563	88767969
ENSG00000145216	4	54243810	55161439
ENSG00000170801	4	8271492	8308838
ENSG00000118785	4	88896819	88904562
ENSG00000072201	4	54325468	54567572
ENSG00000087008	4	8368009	8442450
ENSG00000118762	4	88928820	88998929
ENSG00000109220	4	54875956	54930857
ENSG00000118777	4	89011416	89152474
ENSG00000269506	4	54927213	54927377
ENSG00000180613	4	54965690	54968672
ENSG00000134853	4	55095264	55164414
ENSG00000155275	4	8437867	8495258
ENSG00000155269	4	8560452	8621486
ENSG00000163644	4	89178772	89205921
ENSG00000157404	4	55524085	55606881
ENSG00000109625	4	8594387	8621488
ENSG00000138642	4	89299891	89364263
ENSG00000128052	4	55944644	55991756
ENSG00000215612	4	8847802	8873543
ENSG00000229924	4	9172135	9178453
ENSG00000232399	4	9212383	9228214
ENSG00000231396	4	9212383	9213975
ENSG00000233136	4	9217131	9218723
ENSG00000227551	4	9221878	9223470
ENSG00000223569	4	9236111	9237700
ENSG00000249104	4	9245605	9247197
ENSG00000250844	4	9250356	9251948
ENSG00000248920	4	9255104	9256696
ENSG00000250745	4	9259850	9261442
ENSG00000249811	4	9264598	9266190
ENSG00000248933	4	9269345	9270937
ENSG00000250913	4	9274090	9274640
ENSG00000128039	4	56212276	56239263
ENSG00000232264	4	9326891	9328483
ENSG00000230430	4	9331637	9333229
ENSG00000229579	4	9336384	9337976
ENSG00000227140	4	9341129	9342721
ENSG00000235780	4	9345874	9347466
ENSG00000231051	4	9350619	9352211
ENSG00000231637	4	9355364	9356956
ENSG00000134851	4	56262124	56319564
ENSG00000228856	4	9364855	9366447
ENSG00000138646	4	89378268	89427314
ENSG00000219492	4	9385743	9390709
ENSG00000186146	4	9446260	9452240
ENSG00000109667	4	9772777	10056560
ENSG00000145337	4	89442136	89444964
ENSG00000138641	4	89442199	89629693
ENSG00000169676	4	9783258	9785632
ENSG00000071127	4	10075963	10118573
ENSG00000134852	4	56294070	56413305
ENSG00000255072	4	89442724	89442940
ENSG00000177432	4	89617066	89619386
ENSG00000138640	4	89647106	90032549
ENSG00000163440	4	56422692	56458379
ENSG00000109255	4	56461396	56502865
ENSG00000178163	4	10441498	10459034
ENSG00000090989	4	56719782	56771200
ENSG00000109684	4	10488019	10686489
ENSG00000180346	4	90033968	90036050
ENSG00000185477	4	90157537	90229161
ENSG00000145335	4	90645250	90759466
ENSG00000002587	4	11394774	11431389
ENSG00000157869	4	13362978	13485989
ENSG00000109705	4	13542454	13546674
ENSG00000038219	4	13570362	13629347
ENSG00000138722	4	90800683	90875780
ENSG00000174799	4	56815037	56899529
ENSG00000184305	4	91048686	92523064
ENSG00000249049	4	92240185	92246457
ENSG00000248511	4	93218402	93225329
ENSG00000152208	4	93225550	94695707
ENSG00000109265	4	57036361	57194791
ENSG00000172238	4	94750042	94751221
ENSG00000137449	4	15004298	15071777
ENSG00000157426	4	57204456	57253666
ENSG00000163104	4	95128762	95212443
ENSG00000163145	4	15341442	15447790
ENSG00000163106	4	95219686	95264027
ENSG00000128059	4	57259528	57301781
ENSG00000048342	4	15471489	15603180
ENSG00000268171	4	57276682	57277131
ENSG00000163110	4	95373037	95589377
ENSG00000128050	4	57301907	57327534
ENSG00000174780	4	57333081	57369839
ENSG00000118564	4	15606162	15683302
ENSG00000196503	4	57371509	57390614
ENSG00000249693	4	57396775	57469673
ENSG00000171476	4	57514155	57548065
ENSG00000138696	4	95679119	96079599
ENSG00000128040	4	57676026	57687908
ENSG00000182168	4	96083655	96470357
ENSG00000084093	4	57774075	57802010
ENSG00000237765	4	15683285	15707188
ENSG00000084092	4	57829536	57844989
ENSG00000163114	4	96761239	96762625
ENSG00000163116	4	98105244	99064391
ENSG00000109743	4	15704573	15739936
ENSG00000047315	4	57843888	57897334
ENSG00000138698	4	99182535	99365012
ENSG00000004468	4	15779898	15854853
ENSG00000163453	4	57896939	57976551
ENSG00000137440	4	15937192	15940363
ENSG00000137441	4	15961866	15970932
ENSG00000168785	4	99391518	99579780
ENSG00000007062	4	15964699	16086001
ENSG00000151247	4	99792835	99851788
ENSG00000164024	4	99916771	99983964
ENSG00000150471	4	62066976	62944053
ENSG00000197894	4	99992132	100009952
ENSG00000198099	4	100044808	100078949
ENSG00000205678	4	65140975	65275186
ENSG00000172955	4	100123795	100140694
ENSG00000187758	4	100197524	100212185
ENSG00000145242	4	66185281	66536213
ENSG00000196616	4	100226121	100242558
ENSG00000145241	4	68337521	68411324
ENSG00000248144	4	100257649	100274184
ENSG00000196344	4	100333418	100356894
ENSG00000138813	4	100432161	100463460
ENSG00000145331	4	100467866	100485189
ENSG00000138823	4	100484918	100545156
ENSG00000035720	4	68424446	68473055
ENSG00000033178	4	68478370	68566897
ENSG00000109163	4	68605046	68620078
ENSG00000248713	4	100557686	100575805
ENSG00000070190	4	100737990	100791311
ENSG00000109270	4	100799493	100815647
ENSG00000153802	4	68686594	68749750
ENSG00000164031	4	100817405	100867883
ENSG00000187054	4	68775103	68829858
ENSG00000198092	4	68918916	68995598
ENSG00000226894	4	69054242	69083798
ENSG00000185873	4	69092371	69111438
ENSG00000164032	4	100869243	100871545
ENSG00000083896	4	69176105	69215807
ENSG00000145358	4	101107027	101111939
ENSG00000164035	4	101316498	101801283
ENSG00000087128	4	69313167	69363322
ENSG00000197888	4	69402902	69434245
ENSG00000196620	4	69512348	69536346
ENSG00000138814	4	101944566	102269435
ENSG00000109181	4	69681711	69696914
ENSG00000135220	4	69794181	69817509
ENSG00000171234	4	69917081	69978705
ENSG00000254531	4	102268937	102270040
ENSG00000213759	4	70065669	70080449
ENSG00000153064	4	102332443	102995969
ENSG00000135226	4	70146217	70160768
ENSG00000138821	4	103172198	103352415
ENSG00000156096	4	70345883	70391732
ENSG00000173610	4	70454135	70518965
ENSG00000271271	4	70454135	70505360
ENSG00000270386	4	70454912	70518967
ENSG00000173597	4	70586880	70653679
ENSG00000109193	4	70676498	70725870
ENSG00000109320	4	103422486	103538459
ENSG00000126545	4	70796799	70812289
ENSG00000109323	4	103552660	103682151
ENSG00000135222	4	70820974	70826725
ENSG00000126549	4	70861647	70868287
ENSG00000205649	4	70894130	70902255
ENSG00000126550	4	70916119	70924562
ENSG00000109332	4	103715540	103790053
ENSG00000187533	4	70999333	71042516
ENSG00000109205	4	71062213	71070293
ENSG00000181617	4	71091788	71100969
ENSG00000171209	4	71108305	71117145
ENSG00000145309	4	71200683	71202833
ENSG00000109208	4	71226478	71232875
ENSG00000171201	4	71235810	71255961
ENSG00000171199	4	71263599	71275911
ENSG00000171195	4	71296209	71348714
ENSG00000187689	4	71384257	71398459
ENSG00000178522	4	71457973	71473005
ENSG00000145354	4	103790135	103810399
ENSG00000132464	4	71494461	71552533
ENSG00000132465	4	71521258	71547534
ENSG00000164037	4	103806205	103940896
ENSG00000132467	4	71554196	71556267
ENSG00000018189	4	71569921	71673032
ENSG00000164038	4	103941025	104006986
ENSG00000164039	4	104000592	104021040
ENSG00000132463	4	71681499	71705662
ENSG00000138778	4	104026963	104119566
ENSG00000173542	4	71768043	71888166
ENSG00000156136	4	71858255	71896631
ENSG00000169836	4	104507188	104640973
ENSG00000168772	4	105389469	105416058
ENSG00000080493	4	72053003	72437804
ENSG00000168769	4	106067032	106200973
ENSG00000138777	4	106290234	106395238
ENSG00000236699	4	106473777	106629250
ENSG00000138785	4	106603784	106817143
ENSG00000138780	4	106629935	106768885
ENSG00000168743	4	106815932	106925184
