ENSG00000173281	8	8993765	9009084
ENSG00000253426	8	9009252	9025646
ENSG00000173273	8	9413424	9639856
ENSG00000147535	8	38120648	38126761
ENSG00000175806	8	9911778	10286401
ENSG00000176731	8	86126311	86132650
ENSG00000123908	8	141541264	141645718
ENSG00000187954	8	145674965	145691060
ENSG00000184647	8	10383056	10411676
ENSG00000235825	8	7618852	7621862
ENSG00000254597	8	7626499	7629510
ENSG00000183638	8	10463859	10569697
ENSG00000254776	8	7651238	7653392
ENSG00000215977	8	7711019	7711113
ENSG00000171060	8	10530147	10558103
ENSG00000254543	8	7748525	7750077
ENSG00000229907	8	7791934	7796292
ENSG00000225725	8	7812536	7866277
ENSG00000171056	8	10581278	10697357
ENSG00000255211	8	7824866	7826066
ENSG00000237038	8	7829183	7830775
ENSG00000258724	8	10582909	10697357
ENSG00000225327	8	7833915	7835507
ENSG00000205989	8	7847937	7855043
ENSG00000147548	8	38127215	38239790
ENSG00000254219	8	92054918	92056990
ENSG00000233115	8	7869304	7874533
ENSG00000253738	8	92072137	92082417
ENSG00000185015	8	86132816	86196302
ENSG00000254093	8	10622473	10697394
ENSG00000263888	8	92151489	92151751
ENSG00000253525	8	92169513	92170976
ENSG00000215354	8	7876951	7888168
ENSG00000266194	8	92217713	92217787
ENSG00000239134	8	92476263	92476367
ENSG00000253901	8	92555152	92919847
ENSG00000167702	8	145691426	145699585
ENSG00000200151	8	92607193	92607469
ENSG00000271202	8	92921966	92922395
ENSG00000229182	8	92929735	92930146
ENSG00000253576	8	92988136	92989646
ENSG00000233778	8	93156316	93156663
ENSG00000253118	8	93364140	93364376
ENSG00000253140	8	49428412	49429649
ENSG00000253682	8	93415773	93425873
ENSG00000253608	8	49464127	49611069
ENSG00000253749	8	93433078	93434026
ENSG00000222862	8	27537349	27537452
ENSG00000253560	8	27554734	27555043
ENSG00000253371	8	93512811	93522044
ENSG00000253688	8	49464575	49469001
ENSG00000265075	8	27559190	27559284
ENSG00000253634	8	93577671	93667722
ENSG00000233858	8	49502961	49507181
ENSG00000221172	8	93647563	93647693
ENSG00000253177	8	93681064	93691822
ENSG00000253875	8	27590855	27613943
ENSG00000253702	8	49510018	49533578
ENSG00000171044	8	10753555	11058875
ENSG00000253455	8	49533025	49536455
ENSG00000238624	8	27612549	27612639
ENSG00000202242	8	27631162	27631265
ENSG00000253892	8	49569820	49571454
ENSG00000233109	8	49826419	49826939
ENSG00000253176	8	27695994	27697899
ENSG00000253474	8	50081098	50141484
ENSG00000265847	8	27743556	27743633
ENSG00000248858	8	93711970	93889865
ENSG00000199640	8	50242769	50243106
ENSG00000254268	8	50265189	50265403
ENSG00000253290	8	27760746	27761012
ENSG00000254020	8	93735252	93737339
ENSG00000253615	8	27761083	27761232
ENSG00000253380	8	50409322	50424739
ENSG00000254229	8	7884599	7889827
ENSG00000253577	8	93777930	93788679
ENSG00000253810	8	50652776	50653881
ENSG00000253197	8	93895212	93977873
ENSG00000253397	8	27761998	27767827
ENSG00000196922	8	146198975	146228281
ENSG00000227013	8	7897500	7898475
ENSG00000253484	8	50730146	50733504
ENSG00000250516	8	28083446	28085079
ENSG00000271148	8	50819423	50820006
ENSG00000253881	8	7906441	7906789
ENSG00000253849	8	51293575	51294835
ENSG00000255459	8	7943544	7944287
ENSG00000253907	8	28095947	28096422
ENSG00000215346	8	10983980	10987745
ENSG00000251347	8	93984803	93986966
ENSG00000254392	8	51403355	51404025
ENSG00000253690	8	28107580	28196772
ENSG00000221305	8	7946463	7946611
ENSG00000246662	8	94225531	94712661
ENSG00000244427	8	7953468	7954248
ENSG00000254311	8	7974267	7974471
ENSG00000239198	8	28157200	28158083
ENSG00000254358	8	51675020	51675358
ENSG00000254370	8	28273041	28277572
ENSG00000221027	8	7996350	7996453
ENSG00000249188	8	8011830	8074438
ENSG00000207361	8	28273965	28274068
ENSG00000253340	8	51772090	51772622
ENSG00000253567	8	28304781	28313419
ENSG00000201316	8	51927581	51927725
ENSG00000253664	8	52170248	52233678
ENSG00000253893	8	8025341	8084136
ENSG00000265251	8	28362633	28362699
ENSG00000104643	8	11141925	11185646
ENSG00000254025	8	52348162	52349069
ENSG00000202411	8	28387928	28388036
ENSG00000246339	8	28553718	28558981
ENSG00000254225	8	52634230	52634724
ENSG00000272076	8	52722670	52723241
ENSG00000173295	8	8086117	8102387
ENSG00000253475	8	52808517	52808934
ENSG00000228801	8	52811885	52859733
ENSG00000254034	8	28655659	28656986
ENSG00000242958	8	28667620	28667935
ENSG00000259196	8	28807193	28813472
ENSG00000200719	8	28906011	28906121
ENSG00000272024	8	52862844	52863250
ENSG00000253844	8	52874018	52935534
ENSG00000259366	8	28913452	28914202
ENSG00000259607	8	28924796	28925971
ENSG00000254129	8	28968090	28998246
ENSG00000253960	8	94228154	94247107
ENSG00000254089	8	94271895	94310204
ENSG00000222416	8	94453505	94453612
ENSG00000253781	8	94658294	94659320
ENSG00000271971	8	94727606	94728341
ENSG00000264328	8	29000210	29000484
ENSG00000253854	8	94731802	94733395
ENSG00000253770	8	29076422	29076989
ENSG00000253722	8	94745444	94746250
ENSG00000253848	8	94753421	94756762
ENSG00000212034	8	29127491	29127578
ENSG00000254057	8	94846682	94858971
ENSG00000254387	8	94861789	94862303
ENSG00000264448	8	94927962	94928910
ENSG00000251234	8	94951592	94955105
ENSG00000240509	8	94969566	94969919
ENSG00000263855	8	94986082	94986151
ENSG00000253585	8	95109992	95116550
ENSG00000263392	8	29171273	29171365
ENSG00000266476	8	29180781	29180873
ENSG00000249510	8	95214141	95215280
ENSG00000260253	8	29209937	29210687
ENSG00000244217	8	95365151	95365881
ENSG00000254315	8	95545856	95546619
ENSG00000253704	8	95565950	95581973
ENSG00000160973	8	145698795	145701718
ENSG00000253175	8	95577264	95577943
ENSG00000254190	8	95602343	95602487
ENSG00000254283	8	95606639	95606829
ENSG00000258256	8	86134675	86157946
ENSG00000261437	8	95649513	95651695
ENSG00000241003	8	95700456	95700838
ENSG00000257962	8	86158524	86162077
ENSG00000253981	8	8093525	8102189
ENSG00000253429	8	95721180	95721472
ENSG00000199701	8	95725943	95726040
ENSG00000253632	8	29384829	29387840
ENSG00000254307	8	95803871	95805334
ENSG00000253182	8	29405688	29421858
ENSG00000243844	8	29489607	29490160
ENSG00000254136	8	52908770	52920915
ENSG00000251191	8	29531438	29605625
ENSG00000254314	8	53063380	53067452
ENSG00000253490	8	29605825	29656008
ENSG00000253551	8	53106922	53112140
ENSG00000253505	8	8272200	8282142
ENSG00000253924	8	53207015	53214502
ENSG00000254153	8	8314419	8318847
ENSG00000240534	8	53225714	53226060
ENSG00000271555	8	53635463	53635701
ENSG00000248911	8	53887671	53888676
ENSG00000265835	8	53907922	53907993
ENSG00000251871	8	53950189	53950309
ENSG00000272509	8	95896837	95897298
ENSG00000250494	8	54074899	54075547
ENSG00000243979	8	95903467	95904335
ENSG00000238791	8	95918245	95918347
ENSG00000254687	8	54090131	54155243
ENSG00000253878	8	95962265	95963624
ENSG00000160972	8	145703352	145727504
ENSG00000253528	8	95986801	95987081
ENSG00000200525	8	96067442	96067548
ENSG00000260484	8	54301261	54303432
ENSG00000245080	8	96079036	96085410
ENSG00000253369	8	54307771	54308506
ENSG00000254204	8	54427730	54428465
ENSG00000255164	8	146218300	146220223
ENSG00000254618	8	146220272	146220926
ENSG00000255559	8	146228197	146231432
ENSG00000255530	8	146230947	146231292
ENSG00000255000	8	146273246	146274275
ENSG00000253343	8	8413248	8418475
ENSG00000253774	8	8417404	8419634
ENSG00000253130	8	8418901	8427198
ENSG00000237807	8	54427731	54436491
ENSG00000240919	8	54445468	54446264
ENSG00000263616	8	8439864	8440165
ENSG00000264445	8	8490974	8491058
ENSG00000206144	8	54449620	54452860
ENSG00000176305	8	8559666	8561616
ENSG00000253668	8	54625257	54625456
ENSG00000272457	8	54788710	54789209
ENSG00000244159	8	54799568	54799804
ENSG00000200528	8	54827279	54827384
ENSG00000253667	8	54883791	54886770
ENSG00000254367	8	8581203	8639989
ENSG00000260955	8	54955549	54958189
ENSG00000248964	8	29672520	29712059
ENSG00000254274	8	54985674	54986126
ENSG00000251835	8	55065367	55065442
ENSG00000177710	8	11188397	11189717
ENSG00000200713	8	8753323	8753428
ENSG00000270980	8	55104142	55104595
ENSG00000254248	8	96083960	96100152
ENSG00000253840	8	55160193	55160466
ENSG00000270966	8	8791231	8791516
ENSG00000253773	8	96216684	96822364
ENSG00000254086	8	29722160	29729177
ENSG00000233609	8	8818710	8836535
ENSG00000253351	8	96219235	96228602
ENSG00000184608	8	11225911	11296167
ENSG00000253604	8	29763251	29766472
ENSG00000253945	8	96416030	96416122
ENSG00000253872	8	96517634	96539752
ENSG00000253279	8	29779029	29811240
ENSG00000202112	8	96611342	96611447
ENSG00000207244	8	8819085	8819218
ENSG00000223297	8	96691066	96691143
ENSG00000254079	8	96960009	96960461
ENSG00000263407	8	8905955	8906028
ENSG00000248762	8	96998336	97005331
ENSG00000221003	8	29786121	29786205
ENSG00000183663	8	97080957	97081909
ENSG00000252543	8	8916049	8916140
ENSG00000264788	8	29814788	29814864
ENSG00000239078	8	8929965	8930026
ENSG00000271349	8	97139195	97140029
ENSG00000254013	8	29885229	29886416
ENSG00000270131	8	97152800	97153172
ENSG00000254224	8	97247655	97250262
ENSG00000254340	8	8998934	9002945
ENSG00000239175	8	29901317	29901424
ENSG00000199732	8	97321449	97321550
ENSG00000272256	8	29940274	29940983
ENSG00000154319	8	11278972	11332224
ENSG00000133742	8	86239837	86291243
ENSG00000253105	8	97384093	97399666
ENSG00000253252	8	9037761	9040029
ENSG00000241511	8	29974900	29975295
ENSG00000202095	8	97443282	97443388
ENSG00000271869	8	30013346	30013748
ENSG00000272249	8	98145063	98145607
ENSG00000248538	8	9046521	9060364
ENSG00000270077	8	98156398	98156951
ENSG00000253708	8	30034070	30038404
ENSG00000260640	8	98253970	98254432
ENSG00000207215	8	98370493	98370702
ENSG00000213750	8	98636431	98637307
ENSG00000272375	8	30054920	30055564
ENSG00000202399	8	98784541	98784653
ENSG00000252910	8	98786206	98786261
ENSG00000254091	8	9090523	9090959
ENSG00000270682	8	98800438	98800585
ENSG00000248159	8	30094898	30098513
ENSG00000254235	8	9106927	9271224
ENSG00000254316	8	30107018	30107608
ENSG00000253346	8	30189477	30189793
ENSG00000254152	8	30207382	30207863
ENSG00000127589	8	30209389	30211034
ENSG00000136573	8	11351510	11422113
ENSG00000199212	8	55243247	55243455
ENSG00000254109	8	30239635	30242917
ENSG00000244107	8	55333028	55333338
ENSG00000270275	8	55392157	55392523
ENSG00000226098	8	55435339	55435875
ENSG00000270861	8	98865249	98865481
ENSG00000254142	8	55466921	55474487
ENSG00000253639	8	98870277	98871175
ENSG00000253112	8	30454431	30455049
ENSG00000243504	8	98877282	98877713
ENSG00000254172	8	30501206	30501319
ENSG00000245970	8	99053954	99056349
ENSG00000207067	8	99054314	99054445
ENSG00000252755	8	99061084	99061190
ENSG00000252558	8	99204433	99204541
ENSG00000254267	8	99383583	99400475
ENSG00000254608	8	55561553	55782463
ENSG00000253468	8	99425110	99426012
ENSG00000272321	8	99448897	99451518
ENSG00000207378	8	99475172	99475278
ENSG00000253911	8	99615481	99618568
ENSG00000254112	8	99645775	99646093
ENSG00000240870	8	99794283	99794856
ENSG00000253114	8	55608958	55609687
ENSG00000253415	8	99916831	99917899
ENSG00000248522	8	56362069	56367699
ENSG00000254312	8	99918488	99918745
ENSG00000254357	8	56429799	56433536
ENSG00000221589	8	56589792	56589883
ENSG00000104691	8	30589764	30624522
ENSG00000222955	8	56657791	56657901
ENSG00000253887	8	9112859	9117805
ENSG00000254325	8	56806154	56808298
ENSG00000207415	8	9144982	9145088
ENSG00000199405	8	56815282	56815414
ENSG00000216204	8	56821520	56821611
ENSG00000253735	8	9208748	9215951
ENSG00000240905	8	56892801	56893096
ENSG00000271722	8	56926046	56926727
ENSG00000201815	8	9228600	9228705
ENSG00000136574	8	11534468	11617511
ENSG00000254237	8	9229480	9293715
ENSG00000249050	8	9311208	9314928
ENSG00000272267	8	9412656	9414030
ENSG00000253697	8	9515805	9515948
ENSG00000207701	8	9599182	9599278
ENSG00000241997	8	56934580	56934872
ENSG00000236814	8	56962597	56963766
ENSG00000239065	8	9724417	9724520
ENSG00000238650	8	56986394	56986460
ENSG00000253603	8	56987151	56987833
ENSG00000248578	8	57013758	57014826
ENSG00000221093	8	57033801	57033911
ENSG00000272343	8	57135247	57135732
ENSG00000167701	8	145728356	145732557
ENSG00000254216	8	57165519	57165931
ENSG00000253230	8	9757574	9762876
ENSG00000253542	8	57285623	57307924
ENSG00000255394	8	11618896	11620309
ENSG00000254254	8	57358366	57464626
ENSG00000253541	8	57389385	57390546
ENSG00000238496	8	9789230	9789333
ENSG00000260093	8	9907995	9911764
ENSG00000221320	8	9945431	9945541
ENSG00000246430	8	57408805	57472382
ENSG00000249848	8	10194292	10195187
ENSG00000165046	8	38243725	38267045
ENSG00000261451	8	10291182	10295822
ENSG00000154328	8	11627148	11644855
ENSG00000253139	8	57449317	57453056
ENSG00000253641	8	10332075	10339484
ENSG00000241431	8	57500944	57501346
ENSG00000207128	8	10333733	10333839
ENSG00000253678	8	10335001	10336885
ENSG00000254055	8	57552460	57569024
ENSG00000253649	8	10340388	10405095
ENSG00000270328	8	57688842	57689433
ENSG00000164879	8	86285665	86361269
ENSG00000223281	8	99933461	99933778
ENSG00000271930	8	99955823	99956326
ENSG00000229625	8	99973656	99980512
ENSG00000253948	8	100008991	100025272
ENSG00000263842	8	100011512	100011629
ENSG00000253180	8	100015635	100016070
ENSG00000253562	8	100103966	100106288
ENSG00000253532	8	100131580	100132809
ENSG00000236583	8	100245276	100246687
ENSG00000272505	8	10344317	10347176
ENSG00000237704	8	100352533	100353989
ENSG00000225017	8	100358280	100360484
ENSG00000263762	8	10524488	10524580
ENSG00000206699	8	100540054	100540155
ENSG00000206975	8	57829643	57829749
ENSG00000207804	8	100548864	100548958
ENSG00000197334	8	57868647	57868875
ENSG00000216069	8	100549014	100549089
ENSG00000104267	8	86376081	86393722
ENSG00000243254	8	100626014	100626306
ENSG00000222205	8	58039214	58039321
ENSG00000235683	8	100708185	100710245
ENSG00000253539	8	100808843	100811415
ENSG00000212433	8	10544079	10544197
ENSG00000253912	8	100816387	100816569
ENSG00000248896	8	10586824	10628902
ENSG00000212414	8	101016811	101016877
ENSG00000252565	8	10641565	10641629
ENSG00000221753	8	101036210	101036312
ENSG00000253301	8	58055248	58152857
ENSG00000253695	8	10698086	10704011
ENSG00000202310	8	101171096	101171203
ENSG00000253299	8	101177454	101177706
ENSG00000207600	8	10892716	10892812
ENSG00000199667	8	101197366	101197467
ENSG00000253217	8	101349823	101362935
ENSG00000254839	8	10920157	10924599
ENSG00000253824	8	101393488	101426687
ENSG00000265599	8	101394991	101395073
ENSG00000253842	8	101441062	101443225
ENSG00000269918	8	10962201	10964214
ENSG00000253666	8	101487903	101513376
ENSG00000254364	8	101504756	101505941
ENSG00000251013	8	101562952	101563941
ENSG00000255310	8	10965298	10967236
ENSG00000253740	8	101630809	101632221
ENSG00000252764	8	101695716	101695802
ENSG00000264991	8	101720106	101720191
ENSG00000221527	8	101752030	101752155
ENSG00000202001	8	101767329	101767423
ENSG00000242399	8	101788740	101789093
ENSG00000222795	8	101843956	101844088
ENSG00000254936	8	10980891	10983574
ENSG00000212994	8	101907974	101908387
ENSG00000220984	8	58096193	58096279
ENSG00000260368	8	101925475	101926616
ENSG00000254556	8	10994408	10996117
ENSG00000231965	8	11032560	11033079
ENSG00000242315	8	101970111	101970406
ENSG00000252736	8	101975163	101975271
ENSG00000248599	8	102064282	102088479
ENSG00000253395	8	102134373	102138386
ENSG00000251142	8	58152616	58153100
ENSG00000270076	8	11060474	11061180
ENSG00000253355	8	102141215	102145714
ENSG00000253614	8	58173785	58179172
ENSG00000236827	8	11105135	11125374
ENSG00000215117	8	58192102	58197290
ENSG00000202360	8	102150187	102150541
ENSG00000253737	8	102151893	102153157
ENSG00000261087	8	102179033	102181857
ENSG00000202265	8	58202111	58202208
ENSG00000253871	8	58256346	58277416
ENSG00000271882	8	102220376	102220786
ENSG00000253942	8	102236169	102236801
ENSG00000253679	8	102273769	102275131
ENSG00000167700	8	145734457	145736596
ENSG00000253282	8	102299673	102306011
ENSG00000239115	8	102319595	102319656
ENSG00000271560	8	102349724	102349877
ENSG00000228224	8	102374022	102384935
ENSG00000239315	8	11113529	11114112
ENSG00000254063	8	102378645	102379233
ENSG00000079459	8	11653082	11696818
ENSG00000253644	8	102399527	102405414
ENSG00000249316	8	11138873	11140010
ENSG00000239211	8	102409863	102410161
ENSG00000254084	8	102424101	102464680
ENSG00000254024	8	102473405	102504727
ENSG00000253991	8	102540951	102541797
ENSG00000246477	8	11173374	11182938
ENSG00000253153	8	102574236	102574716
ENSG00000253629	8	102698775	102701321
ENSG00000238372	8	102859484	102859588
ENSG00000154316	8	11197146	11225961
ENSG00000266756	8	103137660	103137743
ENSG00000254492	8	103166778	103166953
ENSG00000246263	8	103251622	103265561
ENSG00000169398	8	141667999	142012315
ENSG00000253328	8	103254268	103254847
ENSG00000271081	8	30611753	30612056
ENSG00000253204	8	30778576	30778851
ENSG00000253793	8	30840975	30841837
ENSG00000253579	8	30989055	30989318
ENSG00000253961	8	31024594	31034683
ENSG00000229211	8	31077410	31078500
ENSG00000253377	8	31133112	31241795
ENSG00000254095	8	31196713	31203995
ENSG00000253275	8	31354939	31356128
ENSG00000222468	8	31455615	31455720
ENSG00000253974	8	31883735	31996991
ENSG00000272037	8	103268620	103270049
ENSG00000238533	8	103400754	103400863
ENSG00000253923	8	103430207	103431181
ENSG00000221387	8	103433425	103433550
ENSG00000271612	8	103463991	103464711
ENSG00000240724	8	103515981	103516365
ENSG00000253222	8	32028898	32145082
ENSG00000252593	8	103545469	103545567
ENSG00000253382	8	103633737	103634559
ENSG00000250684	8	103700545	103701134
ENSG00000252261	8	32049544	32049669
ENSG00000205176	8	86568695	86575726
ENSG00000200246	8	32114012	32114139
ENSG00000266799	8	103745863	103745947
ENSG00000254049	8	32298262	32300241
ENSG00000253669	8	103817745	103822199
ENSG00000223524	8	86747543	86749570
ENSG00000255940	8	86756718	86758745
ENSG00000272327	8	32623643	32625477
ENSG00000147614	8	86999552	87166457
ENSG00000212407	8	32769011	32769116
ENSG00000253385	8	103866683	103868303
ENSG00000247134	8	32853696	32902373
ENSG00000253263	8	103904104	103905836
ENSG00000244052	8	103935599	103936483
ENSG00000201216	8	103962695	103962792
ENSG00000265898	8	103973041	103973148
ENSG00000254281	8	103991013	104012412
ENSG00000253663	8	104028972	104029817
ENSG00000254236	8	104032415	104033656
ENSG00000253795	8	104097879	104098818
ENSG00000253556	8	104101024	104102899
ENSG00000254346	8	32871599	32872544
ENSG00000253977	8	104103491	104103737
ENSG00000255020	8	11203257	11205011
ENSG00000265667	8	104104852	104104949
ENSG00000250929	8	104133260	104145194
ENSG00000242483	8	11236904	11237200
ENSG00000265657	8	104166842	104166917
ENSG00000147613	8	87060602	87100850
ENSG00000199368	8	11249920	11250026
ENSG00000269954	8	11409997	11410500
ENSG00000247081	8	104169218	104311000
ENSG00000254774	8	11410733	11411716
ENSG00000255518	8	11413760	11415531
ENSG00000160957	8	145736667	145743229
ENSG00000255354	8	11415975	11417529
ENSG00000243050	8	58305105	58305441
ENSG00000170983	8	11433822	11438851
ENSG00000253821	8	58405443	58504118
ENSG00000252057	8	58469144	58469195
ENSG00000227203	8	11647514	11647897
ENSG00000253322	8	58506725	58717588
ENSG00000254139	8	58658708	58662758
ENSG00000253376	8	58802135	58803368
ENSG00000269899	8	11703663	11703900
ENSG00000205293	8	58890917	58896685
ENSG00000253523	8	58943893	58945241
ENSG00000255144	8	11753359	11754379
ENSG00000253116	8	59004001	59018853
ENSG00000254948	8	11777409	11778318
ENSG00000242595	8	59025748	59026181
ENSG00000253281	8	59168330	59184678
ENSG00000254090	8	32872779	32874561
ENSG00000253393	8	32897041	32897311
ENSG00000265562	8	33053355	33053455
ENSG00000253993	8	33084366	33084665
ENSG00000252735	8	33196385	33196484
ENSG00000250031	8	59337147	59339244
ENSG00000272338	8	33218361	33218933
ENSG00000254061	8	33293786	33294218
ENSG00000254103	8	59416147	59416627
ENSG00000242970	8	59500979	59501323
ENSG00000239039	8	33370993	33371096
ENSG00000253232	8	33380672	33380809
ENSG00000252505	8	33397558	33397655
ENSG00000253995	8	33397703	33398011
ENSG00000238433	8	59574800	59574903
ENSG00000201231	8	59726971	59727111
ENSG00000254048	8	59904279	59905497
ENSG00000167912	8	60031599	60033905
ENSG00000240189	8	33437730	33438026
ENSG00000253642	8	33462374	33896526
ENSG00000206014	8	11786101	11787072
ENSG00000253851	8	104240653	104241542
ENSG00000266289	8	104395306	104396082
ENSG00000207399	8	104397189	104397295
ENSG00000261670	8	104476617	104481213
ENSG00000271830	8	104493494	104493847
ENSG00000253477	8	104495626	104513904
ENSG00000255105	8	104571327	104571617
ENSG00000206853	8	60049931	60050061
ENSG00000254644	8	104580831	104581206
ENSG00000164893	8	87226281	87333375
ENSG00000201763	8	60368444	60368569
ENSG00000238687	8	104677523	104677622
ENSG00000253684	8	33499099	33499457
ENSG00000254150	8	60470087	60470414
ENSG00000239344	8	104780509	104781257
ENSG00000216113	8	104863827	104863916
ENSG00000253260	8	60473886	60506260
ENSG00000263794	8	33573302	33573586
ENSG00000179577	8	105432721	105433132
ENSG00000255174	8	11856596	11856977
ENSG00000253569	8	33579823	33580597
ENSG00000222158	8	105437587	105437666
ENSG00000266734	8	105447681	105447774
ENSG00000254507	8	11860909	11861591
ENSG00000253879	8	60513937	60526334
ENSG00000208032	8	105496597	105496693
ENSG00000253454	8	105578314	105578657
ENSG00000240738	8	33716998	33717741
ENSG00000255016	8	11882753	11883107
ENSG00000263732	8	105767334	105767403
ENSG00000243939	8	105993392	105993807
ENSG00000254817	8	11891155	11892121
ENSG00000253997	8	106002536	106002920
ENSG00000253413	8	60672606	60672822
ENSG00000188512	8	33827079	33827397
ENSG00000240271	8	106023335	106023796
ENSG00000254041	8	106155088	106200834
ENSG00000253723	8	60733683	60733992
ENSG00000253318	8	106207218	106209197
ENSG00000243171	8	106300058	106300593
ENSG00000253420	8	106674580	106697993
ENSG00000254700	8	11901015	11901179
ENSG00000254141	8	106682219	106691259
ENSG00000254775	8	60962146	60987274
ENSG00000252029	8	11944905	11944954
ENSG00000254954	8	61054380	61054701
ENSG00000243601	8	106749508	106749993
ENSG00000255544	8	11952685	11957045
ENSG00000254194	8	33831219	33867113
ENSG00000251396	8	61297147	61429354
ENSG00000254302	8	34032404	34042413
ENSG00000255052	8	11973291	12008698
ENSG00000253108	8	34085957	34204249
ENSG00000254033	8	34086812	34106464
ENSG00000215264	8	34180510	34181160
ENSG00000254923	8	11985616	11986807
ENSG00000226301	8	61299821	61300554
ENSG00000254344	8	34641570	34722316
ENSG00000243181	8	34731677	34732151
ENSG00000255840	8	61334378	61334454
ENSG00000265560	8	34827724	34827817
ENSG00000232024	8	35382694	35383281
ENSG00000252753	8	61397741	61397799
ENSG00000077782	8	38268656	38326352
ENSG00000255321	8	61464516	61465595
ENSG00000228862	8	61544068	61548830
ENSG00000254869	8	61565061	61566120
ENSG00000255289	8	61573379	61577089
ENSG00000226430	8	11989926	11991953
ENSG00000254866	8	12008404	12008643
ENSG00000205879	8	12029711	12036084
ENSG00000249889	8	12036206	12040228
ENSG00000253452	8	35719641	35828183
ENSG00000253524	8	35861834	35952564
ENSG00000123124	8	87354967	87490649
ENSG00000254309	8	35978916	35979201
ENSG00000252663	8	36124003	36124282
ENSG00000253504	8	36135281	36136404
ENSG00000254384	8	36136478	36137001
ENSG00000253685	8	36137009	36137214
ENSG00000253610	8	36165763	36165882
ENSG00000206871	8	36167102	36167208
ENSG00000254320	8	36178557	36178922
ENSG00000253363	8	36394909	36636682
ENSG00000244708	8	36438698	36439109
ENSG00000199985	8	36621963	36622069
ENSG00000219491	8	36746000	36746825
ENSG00000243503	8	36845495	36845930
ENSG00000266637	8	12038198	12038263
ENSG00000254038	8	36924959	36926936
ENSG00000255495	8	12051976	12053789
ENSG00000254527	8	12063268	12063898
ENSG00000253650	8	36952668	36952908
ENSG00000237215	8	12147580	12153689
ENSG00000253123	8	37188190	37189502
ENSG00000252535	8	12191153	12191202
ENSG00000253746	8	37262957	37264242
ENSG00000254623	8	12198935	12203285
ENSG00000253161	8	37278859	37411701
ENSG00000215339	8	12213645	12216900
ENSG00000254432	8	61721294	61722165
ENSG00000271377	8	61818618	61819011
ENSG00000254777	8	61822612	61879116
ENSG00000253388	8	37337607	37338327
ENSG00000253414	8	37373928	37374539
ENSG00000254111	8	37417884	37422884
ENSG00000255397	8	61850264	61852430
ENSG00000160959	8	145743376	145750557
ENSG00000254290	8	37454998	37457376
ENSG00000227888	8	12219527	12268510
ENSG00000254802	8	61878361	61880334
ENSG00000213881	8	62114909	62115779
ENSG00000254222	8	62177183	62204598
ENSG00000254423	8	12231875	12233055
ENSG00000253711	8	62212723	62213628
ENSG00000255556	8	12236188	12237774
ENSG00000242296	8	12250718	12257875
ENSG00000254285	8	62490779	62492230
ENSG00000270074	8	12270336	12271882
ENSG00000251402	8	12272589	12275599
ENSG00000222898	8	62544239	62544571
ENSG00000264408	8	62627347	62627418
ENSG00000251127	8	62671653	62678528
ENSG00000250794	8	12278541	12282509
ENSG00000254119	8	62697606	62856739
ENSG00000265826	8	12280513	12280578
ENSG00000255549	8	12305522	12368787
ENSG00000251003	8	106792474	107072752
ENSG00000270154	8	12333971	12334631
ENSG00000253526	8	106838798	106846266
ENSG00000201627	8	106941354	106941466
ENSG00000213708	8	107227991	107229446
ENSG00000254021	8	107277663	107280969
ENSG00000254615	8	107282372	107285127
ENSG00000253582	8	107532702	107669776
ENSG00000221714	8	12384247	12384350
ENSG00000242607	8	12427859	12428639
ENSG00000253676	8	107709655	107710241
ENSG00000253834	8	62734040	62737811
ENSG00000238460	8	12435514	12435661
ENSG00000254120	8	62802398	62806765
ENSG00000251892	8	107742023	107742084
ENSG00000255122	8	12437796	12438572
ENSG00000254146	8	108185428	108186037
ENSG00000211995	8	108266635	108266726
ENSG00000253544	8	62822543	62823361
ENSG00000248838	8	108659507	108660260
ENSG00000244289	8	12485985	12486765
ENSG00000238323	8	12493613	12493761
ENSG00000253789	8	63023083	63032457
ENSG00000200806	8	108896722	108896839
ENSG00000255046	8	11655437	11660077
ENSG00000253228	8	108995344	108996193
ENSG00000230948	8	109143328	109144342
ENSG00000237810	8	63055870	63057328
ENSG00000253754	8	109238429	109239773
ENSG00000243287	8	109391060	109391774
ENSG00000254050	8	63385776	63386828
ENSG00000253975	8	63394757	63396370
ENSG00000253657	8	109584872	109585403
ENSG00000253949	8	109593291	109638996
ENSG00000253580	8	109664602	109665544
ENSG00000253796	8	109907258	110075646
ENSG00000250267	8	110310827	110328742
ENSG00000254185	8	110482360	110483346
ENSG00000252559	8	110608472	110608543
ENSG00000255099	8	110790141	110794517
ENSG00000222729	8	110886142	110886247
ENSG00000241385	8	110911475	110911991
ENSG00000255402	8	110986172	110987010
ENSG00000240590	8	111117305	111118193
ENSG00000253956	8	111346972	111361836
ENSG00000253107	8	111567637	111568747
ENSG00000253122	8	111621470	111644623
ENSG00000253717	8	111779092	111784988
ENSG00000253994	8	111821623	111822123
ENSG00000254241	8	111945492	111946762
ENSG00000253877	8	111949919	112039662
ENSG00000253103	8	112111190	112248432
ENSG00000253489	8	112191422	112192101
ENSG00000254124	8	112237814	112239278
ENSG00000253434	8	112388868	112555202
ENSG00000255033	8	112392832	112393097
ENSG00000253156	8	112633687	112634026
ENSG00000254262	8	112754241	112769055
ENSG00000255253	8	12495937	12496111
ENSG00000222146	8	113160971	113161054
ENSG00000264794	8	113487830	113487915
ENSG00000254581	8	12533544	12533898
ENSG00000230169	8	113551118	113551546
ENSG00000254306	8	37458055	37483391
ENSG00000253344	8	37483533	37531905
ENSG00000238656	8	113576104	113576205
ENSG00000238399	8	113655722	113655812
ENSG00000227514	8	114388898	114389456
ENSG00000177400	8	12541663	12542662
ENSG00000221610	8	114419756	114419823
ENSG00000206719	8	114963115	114963227
ENSG00000254917	8	12553816	12554782
ENSG00000254339	8	115294296	115308068
ENSG00000253499	8	115330629	115331140
ENSG00000253756	8	115803882	115804158
ENSG00000223215	8	37526416	37526523
ENSG00000254724	8	12560575	12561565
ENSG00000253181	8	37575097	37591274
ENSG00000227170	8	116521829	116523552
ENSG00000264512	8	12576636	12576704
ENSG00000249917	8	116962736	117337297
ENSG00000233170	8	37604854	37605522
ENSG00000254402	8	145747761	145752416
ENSG00000241032	8	37766259	37766553
ENSG00000264965	8	37807254	37807349
ENSG00000266206	8	12584741	12584813
ENSG00000254813	8	12623358	12668987
ENSG00000270865	8	37840588	37840891
ENSG00000260949	8	37920399	37921309
ENSG00000272128	8	37956989	37957449
ENSG00000253437	8	37979892	37979998
ENSG00000240015	8	37980792	37982169
ENSG00000255494	8	12651752	12675800
ENSG00000253356	8	38006259	38021290
ENSG00000253739	8	38023530	38023636
ENSG00000264463	8	12763347	12763430
ENSG00000248585	8	38059217	38061756
ENSG00000251468	8	12815896	12819709
ENSG00000255487	8	38133406	38134198
ENSG00000254898	8	38193499	38195069
ENSG00000206996	8	12901859	12901965
ENSG00000213563	8	145751117	145754516
ENSG00000200630	8	13017687	13017788
ENSG00000272092	8	38239882	38240979
ENSG00000253517	8	63767627	63769693
ENSG00000254981	8	38258054	38259201
ENSG00000253431	8	63775641	63776740
ENSG00000272159	8	38265566	38266260
ENSG00000253932	8	13196083	13200263
ENSG00000255201	8	38279407	38283614
ENSG00000253257	8	13210910	13211039
ENSG00000252179	8	13393538	13393644
ENSG00000164733	8	11700033	11726957
ENSG00000255069	8	13415166	13462119
ENSG00000239218	8	38291865	38293182
ENSG00000240915	8	63925627	63927240
ENSG00000253121	8	63936931	63937853
ENSG00000254491	8	13441398	13442042
ENSG00000253555	8	64048782	64050643
ENSG00000270673	8	64080284	64081001
ENSG00000255457	8	13553083	13563015
ENSG00000253361	8	38401170	38410198
ENSG00000254100	8	38409766	38416538
ENSG00000261542	8	64128539	64130592
ENSG00000253570	8	38458179	38458718
ENSG00000254321	8	38558144	38562373
ENSG00000241964	8	64147195	64147469
ENSG00000255413	8	13599318	13600290
ENSG00000254753	8	13701610	13706618
ENSG00000253205	8	64297397	64382763
ENSG00000207258	8	38601538	38601649
ENSG00000254425	8	13766740	13767289
ENSG00000253586	8	38657161	38659814
ENSG00000255437	8	13880196	13880931
ENSG00000253829	8	38702384	38703957
ENSG00000253645	8	38827879	38830530
ENSG00000254575	8	14018806	14022868
ENSG00000207199	8	38876134	38876202
ENSG00000243095	8	39015057	39016220
ENSG00000215096	8	64321622	64322015
ENSG00000214366	8	14166542	14167181
ENSG00000253160	8	39167428	39167962
ENSG00000253894	8	64378407	64388040
ENSG00000147799	8	145754563	145911194
ENSG00000253583	8	64498558	64501966
ENSG00000196115	8	39172110	39274897
ENSG00000252358	8	64521912	64522158
ENSG00000253554	8	64599737	65281115
ENSG00000253762	8	64617314	64664235
ENSG00000253734	8	64681988	64698058
ENSG00000253231	8	65244484	65244709
ENSG00000254377	8	65285885	65296344
ENSG00000207816	8	65291706	65291814
ENSG00000253750	8	65466793	65467032
ENSG00000253800	8	65483470	65483889
ENSG00000199450	8	117034911	117035004
ENSG00000221793	8	117148998	117149139
ENSG00000198169	8	145946298	145981802
ENSG00000264815	8	117299588	117299698
ENSG00000253672	8	117414781	117415995
ENSG00000253327	8	117886663	117889107
ENSG00000264875	8	117886967	117887039
ENSG00000244033	8	118030185	118030485
ENSG00000253271	8	118068057	118068384
ENSG00000253622	8	118140694	118142538
ENSG00000240151	8	118176207	118176492
ENSG00000252852	8	118325767	118325900
ENSG00000239917	8	118535510	118536300
ENSG00000242206	8	119774095	119774440
ENSG00000207334	8	119988752	119988858
ENSG00000254247	8	119994818	119995114
ENSG00000254278	8	120075181	120081021
ENSG00000147676	8	120177273	120257913
ENSG00000253972	8	120227351	120259088
ENSG00000206776	8	120400588	120400709
ENSG00000253398	8	120432150	120474590
ENSG00000254037	8	120492519	120493015
ENSG00000253495	8	120630402	120630714
ENSG00000196378	8	145998499	146012730
ENSG00000201896	8	120724070	120724385
ENSG00000244642	8	120874902	120875181
ENSG00000245330	8	120879659	120886728
ENSG00000202356	8	120903372	120903469
ENSG00000254343	8	121064419	121068440
ENSG00000250290	8	121647798	121650444
ENSG00000248318	8	121773493	121789072
ENSG00000272502	8	121824459	121825599
ENSG00000253619	8	121925305	122131994
ENSG00000252093	8	122081628	122081814
ENSG00000271219	8	122125598	122126159
ENSG00000221644	8	122198998	122199132
ENSG00000239872	8	122392377	122392705
ENSG00000263525	8	122555137	122555235
ENSG00000248690	8	122651533	122656933
ENSG00000252264	8	14176964	14177025
ENSG00000206950	8	14190064	14190172
ENSG00000252035	8	14345285	14345388
ENSG00000254209	8	122684013	122696802
ENSG00000248478	8	122691366	122719871
ENSG00000254018	8	122896963	122916512
ENSG00000254303	8	122966879	123139423
ENSG00000253814	8	123103719	123103848
ENSG00000255364	8	123426571	123440790
ENSG00000263415	8	14372250	14372374
ENSG00000255365	8	14547891	14548128
ENSG00000255325	8	123497754	123502054
ENSG00000199127	8	14710947	14711019
ENSG00000253819	8	123682624	123706345
ENSG00000255076	8	14736566	14737328
ENSG00000238901	8	123683530	123683633
ENSG00000263443	8	123712508	123715662
ENSG00000249368	8	15182805	15183078
ENSG00000235165	8	123781513	123782389
ENSG00000272384	8	123792210	123793069
ENSG00000223214	8	15379393	15379475
ENSG00000272043	8	123792999	123793310
ENSG00000253372	8	123819985	123828756
ENSG00000248423	8	15546423	15547071
ENSG00000221542	8	123858930	123859018
ENSG00000259631	8	123989266	123997869
ENSG00000253607	8	124014800	124042991
ENSG00000250483	8	15663658	15664792
ENSG00000199678	8	124056957	124057052
ENSG00000197475	8	39308564	39380371
ENSG00000253463	8	124135346	124135922
ENSG00000221461	8	124192551	124192765
ENSG00000226836	8	15800634	15801041
ENSG00000253258	8	124193878	124195028
ENSG00000253410	8	124205115	124205172
ENSG00000204949	8	124213412	124214983
ENSG00000253648	8	15830824	15857833
ENSG00000266324	8	124228028	124228103
ENSG00000243498	8	124249092	124249302
ENSG00000253951	8	16133190	16133805
ENSG00000222607	8	124275083	124275189
ENSG00000238422	8	124278882	124278985
ENSG00000253336	8	124300595	124302743
ENSG00000253934	8	16232127	16232591
ENSG00000252297	8	124354654	124354759
ENSG00000207704	8	124360274	124360370
ENSG00000253184	8	16461764	16522388
ENSG00000254388	8	124364421	124364883
ENSG00000253496	8	16534414	16772553
ENSG00000254294	8	124412822	124414335
ENSG00000254113	8	124575310	124581002
ENSG00000251840	8	124600999	124601286
ENSG00000253286	8	124626465	124670810
ENSG00000264092	8	16720709	16721005
ENSG00000249258	8	16988690	17007298
ENSG00000254000	8	124936999	124938173
ENSG00000181171	8	124996378	125053023
ENSG00000244113	8	17007810	17008397
ENSG00000271948	8	17082473	17082978
ENSG00000254249	8	125048251	125052709
ENSG00000105339	8	142127377	142205907
ENSG00000253868	8	125058314	125183763
ENSG00000214607	8	17327027	17329127
ENSG00000250727	8	125154129	125155753
ENSG00000253885	8	125164164	125164674
ENSG00000265520	8	17539087	17539166
ENSG00000214803	8	125204912	125259639
ENSG00000253168	8	17561497	17563696
ENSG00000212280	8	17605627	17605739
ENSG00000253944	8	17658854	17718578
ENSG00000206724	8	125272887	125272993
ENSG00000253227	8	125283924	125289825
ENSG00000237586	8	125313556	125314045
ENSG00000253671	8	17666450	17678377
ENSG00000271975	8	125318430	125320617
ENSG00000245149	8	125474726	125486817
ENSG00000253215	8	17739552	17740170
ENSG00000254054	8	17763265	17765396
ENSG00000245281	8	17942377	17953903
ENSG00000253384	8	17946078	17947196
ENSG00000254015	8	18058433	18058714
ENSG00000253937	8	18228116	18228993
ENSG00000244593	8	18240784	18241427
ENSG00000205884	8	11831446	11832108
ENSG00000271654	8	18244618	18245287
ENSG00000187229	8	18578415	18591915
ENSG00000205883	8	11839830	11842099
ENSG00000254067	8	39413665	39416052
ENSG00000244018	8	18632057	18632428
ENSG00000253106	8	125500751	125503884
ENSG00000205882	8	11850692	11853821
ENSG00000251963	8	18667010	18667136
ENSG00000272486	8	125591872	125592889
ENSG00000252176	8	39418456	39418546
ENSG00000255491	8	125823860	125827924
ENSG00000263735	8	125834220	125834300
ENSG00000255080	8	125847126	125869758
ENSG00000201157	8	18837129	18837282
ENSG00000253335	8	18846789	18858462
ENSG00000255098	8	11870545	11873043
ENSG00000249816	8	125860979	125966570
ENSG00000270255	8	18859137	18859460
ENSG00000233050	8	11921898	11929256
ENSG00000253557	8	18942502	19116979
ENSG00000254082	8	39424224	39437653
ENSG00000215343	8	11961898	11973025
ENSG00000221018	8	39613601	39613707
ENSG00000253332	8	39717738	39718044
ENSG00000253233	8	39724955	39725331
ENSG00000250428	8	125932670	125934318
ENSG00000253939	8	39761294	39852767
ENSG00000223443	8	11994677	11996586
ENSG00000254242	8	18949243	18972534
ENSG00000250316	8	19095247	19099422
ENSG00000253838	8	39771748	39773240
ENSG00000254287	8	39775595	39778409
ENSG00000254201	8	19103860	19106750
ENSG00000253790	8	39855388	39856018
ENSG00000253280	8	19111751	19114844
ENSG00000253270	8	19536083	19546445
ENSG00000253775	8	19936816	19975953
ENSG00000253381	8	39961688	39965454
ENSG00000253665	8	39972170	39984987
ENSG00000254143	8	40018977	40030131
ENSG00000242709	8	19970854	19971183
ENSG00000222267	8	20087290	20087388
ENSG00000253733	8	20133284	20147969
ENSG00000186523	8	12039605	12051642
ENSG00000253802	8	40156260	40200921
ENSG00000253164	8	20207721	20230280
ENSG00000176623	8	87480486	87526586
ENSG00000253178	8	20408712	20408916
ENSG00000251944	8	20472340	20472437
ENSG00000253300	8	20513202	20557645
ENSG00000253354	8	40227547	40259367
ENSG00000253866	8	20791946	20792348
ENSG00000272479	8	40377084	40377677
ENSG00000254260	8	20798939	20807686
ENSG00000254383	8	40757535	40759373
ENSG00000206867	8	40890411	40890517
ENSG00000254092	8	20810156	20831388
ENSG00000263372	8	41128567	41128662
ENSG00000253147	8	20810638	20826415
ENSG00000161016	8	146015150	146017972
ENSG00000239281	8	41128950	41129085
ENSG00000253509	8	41132634	41134522
ENSG00000206852	8	41155682	41155784
ENSG00000238936	8	41284174	41284246
ENSG00000254026	8	20811523	20826415
ENSG00000254102	8	65486863	65494445
ENSG00000253199	8	20831308	20852630
ENSG00000253396	8	41292817	41297938
ENSG00000253943	8	41368759	41370040
ENSG00000254330	8	65616331	65647016
ENSG00000254006	8	65713793	65730130
ENSG00000253133	8	41391674	41435887
ENSG00000254040	8	20880807	20886569
ENSG00000253493	8	65885723	65886083
ENSG00000239261	8	66067642	66068013
ENSG00000213873	8	66289827	66290346
ENSG00000215945	8	21013642	21013744
ENSG00000254081	8	66439243	66475015
ENSG00000254334	8	21155717	21166960
ENSG00000266713	8	21351539	21351627
ENSG00000266630	8	21407509	21407595
ENSG00000272010	8	66504085	66504707
ENSG00000200714	8	66504966	66505055
ENSG00000272155	8	66626569	66627013
ENSG00000273484	8	21654972	21655271
ENSG00000272192	8	66754987	66755566
ENSG00000253190	8	67024902	67027440
ENSG00000238466	8	21889861	21889963
ENSG00000256586	8	21960468	21961890
ENSG00000253138	8	67104328	67109550
ENSG00000177725	8	22026851	22029223
ENSG00000208037	8	22102475	22102556
ENSG00000246145	8	67331824	67341212
ENSG00000253623	8	67392883	67393721
ENSG00000254064	8	22112089	22132675
ENSG00000241026	8	22247378	22248168
ENSG00000206949	8	67413440	67413546
ENSG00000201365	8	67565704	67565811
ENSG00000201761	8	22291904	22292010
ENSG00000213005	8	67679632	67680240
ENSG00000245910	8	67833919	67838633
ENSG00000254272	8	22350144	22350557
ENSG00000251034	8	22398358	22402918
ENSG00000254230	8	22423510	22424684
ENSG00000253200	8	22471421	22474170
ENSG00000261026	8	22536526	22541522
ENSG00000253125	8	22547663	22656129
ENSG00000253174	8	41397900	41402563
ENSG00000264578	8	41467211	41479021
ENSG00000221035	8	41517959	41518026
ENSG00000253389	8	41518509	41523084
ENSG00000248738	8	22735485	22745535
ENSG00000254341	8	67834709	67834786
ENSG00000253223	8	67896370	67898422
ENSG00000266491	8	67971141	67971238
ENSG00000252637	8	68011537	68011660
ENSG00000250869	8	68045789	68048146
ENSG00000271966	8	68256210	68257322
ENSG00000241961	8	68318750	68319307
ENSG00000254253	8	68481651	68482313
ENSG00000221660	8	68623867	68623958
ENSG00000255130	8	68644822	68647900
ENSG00000207101	8	41660867	41660968
ENSG00000255531	8	68761279	68761573
ENSG00000255206	8	68994439	69007316
ENSG00000260588	8	41685683	41687452
ENSG00000254051	8	69089003	69089456
ENSG00000252210	8	69135553	69135637
ENSG00000253964	8	69205681	69206053
ENSG00000241834	8	41697580	41697857
ENSG00000236191	8	69437752	69438141
ENSG00000256905	8	41818758	41820184
ENSG00000238966	8	41901022	41901093
ENSG00000239184	8	69607878	69608014
ENSG00000244235	8	41958836	41959354
ENSG00000254337	8	69760977	69764998
ENSG00000253135	8	41986292	41986767
ENSG00000253658	8	69824038	70016425
ENSG00000271938	8	41996979	41997270
ENSG00000238808	8	70022748	70022809
ENSG00000254332	8	70041833	70042580
ENSG00000261449	8	42009290	42010281
ENSG00000253373	8	70087814	70090424
ENSG00000238714	8	42083151	42083252
ENSG00000253479	8	70337270	70360479
ENSG00000253408	8	42091193	42128715
ENSG00000253216	8	70358292	70358495
ENSG00000222889	8	70612459	70612730
ENSG00000254557	8	70625625	70631957
ENSG00000271113	8	70706297	70706969
ENSG00000246528	8	70746346	70767206
ENSG00000240395	8	42199285	42200152
ENSG00000254131	8	42342118	42342537
ENSG00000255107	8	70771499	70772775
ENSG00000254165	8	42392672	42393447
ENSG00000239580	8	70834989	70835281
ENSG00000223293	8	70842140	70842257
ENSG00000247570	8	70855183	70856883
ENSG00000272233	8	42409933	42410336
ENSG00000255101	8	42560726	42577089
ENSG00000253721	8	70899650	70899932
ENSG00000212473	8	70990141	70990267
ENSG00000253173	8	71016028	71016414
ENSG00000253142	8	22752947	22755326
ENSG00000240116	8	22835390	22835638
ENSG00000245025	8	22842109	22876848
ENSG00000255361	8	42580690	42581371
ENSG00000242719	8	42736379	42736675
ENSG00000213003	8	71185604	71186072
ENSG00000266044	8	42751340	42751418
ENSG00000246130	8	22925742	22941132
ENSG00000202514	8	42804531	42804638
ENSG00000200731	8	42928617	42928761
ENSG00000254198	8	42981138	42981540
ENSG00000207036	8	71269582	71269683
ENSG00000253616	8	22928890	22932001
ENSG00000241204	8	71336360	71336811
ENSG00000253143	8	71383347	71392858
ENSG00000253967	8	71383369	71397922
ENSG00000253930	8	23046792	23048188
ENSG00000253611	8	43075103	43075952
ENSG00000243265	8	23064431	23064882
ENSG00000241105	8	71418486	71419053
ENSG00000253884	8	43101898	43102078
ENSG00000246582	8	23081984	23088439
ENSG00000238450	8	71516767	71516872
ENSG00000085719	8	87497059	87573726
ENSG00000243532	8	71566815	71567118
ENSG00000223220	8	71693149	71693243
ENSG00000254031	8	72067692	72116458
ENSG00000253124	8	72361046	72361454
ENSG00000250714	8	23082746	23088428
ENSG00000221446	8	72361930	72362043
ENSG00000254277	8	72587535	72615021
ENSG00000253837	8	23193684	23223638
ENSG00000253287	8	72691840	72705110
ENSG00000253390	8	23316114	23342484
ENSG00000200191	8	72727729	72727860
ENSG00000264576	8	72744839	72744923
ENSG00000255166	8	43102334	43102553
ENSG00000253483	8	23340529	23341047
ENSG00000241942	8	72808226	72808565
ENSG00000253986	8	23350522	23351711
ENSG00000253317	8	73108569	73114504
ENSG00000252067	8	23457539	23457651
ENSG00000250979	8	73114986	73163800
ENSG00000253488	8	23492389	23493020
ENSG00000253471	8	23564654	23647000
ENSG00000255313	8	125948766	125956007
ENSG00000232948	8	12168471	12175825
ENSG00000253513	8	126009227	126010440
ENSG00000253167	8	126052926	126057231
ENSG00000242170	8	126282846	126283142
ENSG00000254431	8	126360438	126363658
ENSG00000266452	8	126456807	126457060
ENSG00000253111	8	126479181	126553615
ENSG00000253470	8	126761299	126762485
ENSG00000252509	8	73269963	73270050
ENSG00000206695	8	126913195	126913298
ENSG00000212989	8	73341855	73342347
ENSG00000245164	8	126934552	126963493
ENSG00000254347	8	73374546	73383207
ENSG00000145002	8	12282913	12293915
ENSG00000253226	8	73530957	73531618
ENSG00000253651	8	126964105	126964558
ENSG00000254227	8	127011238	127013245
ENSG00000250563	8	127084831	127086475
ENSG00000253726	8	73644280	73664078
ENSG00000253841	8	127085290	127085776
ENSG00000221706	8	127153920	127154003
ENSG00000248720	8	127186430	127187258
ENSG00000244791	8	127337740	127341780
ENSG00000253427	8	127486434	127504841
ENSG00000253220	8	127510394	127512548
ENSG00000207138	8	127517008	127517114
ENSG00000253530	8	127530943	127534596
ENSG00000254010	8	127569141	127569678
ENSG00000254286	8	127570120	127725660
ENSG00000253543	8	127594876	127595251
ENSG00000212451	8	127683767	127683899
ENSG00000253573	8	127779121	127802882
ENSG00000253438	8	127859300	128033259
ENSG00000253312	8	43106854	43107001
ENSG00000253264	8	128084939	128094466
ENSG00000224722	8	128098508	128099755
ENSG00000253186	8	43108875	43109232
ENSG00000254166	8	128197880	128215467
ENSG00000247844	8	128220111	128231333
ENSG00000253606	8	43125341	43127105
ENSG00000246228	8	128302062	128494384
ENSG00000253486	8	43129925	43130434
ENSG00000234713	8	43131413	43131966
ENSG00000271509	8	128304478	128304685
ENSG00000253929	8	128351519	128404876
ENSG00000253707	8	43139769	43139949
ENSG00000249375	8	128698588	128746213
ENSG00000188877	8	43147626	43218661
ENSG00000249859	8	128806779	129113499
ENSG00000253784	8	73787094	73793975
ENSG00000260838	8	73859385	73862680
ENSG00000222488	8	73931180	73931279
ENSG00000221771	8	128972879	128972941
ENSG00000272254	8	73955145	73955581
ENSG00000207110	8	129011377	129011540
ENSG00000253636	8	73964413	73975296
ENSG00000222501	8	129022628	129022857
ENSG00000221176	8	129061398	129061484
ENSG00000237061	8	73996022	73998114
ENSG00000254002	8	23583844	23600555
ENSG00000221261	8	129162362	129162434
ENSG00000253564	8	74128164	74128862
ENSG00000216123	8	23626069	23626158
ENSG00000201782	8	129232750	129233049
ENSG00000271118	8	23663446	23663667
ENSG00000254213	8	74189599	74190281
ENSG00000254275	8	129417515	129576925
ENSG00000207027	8	23663742	23663890
ENSG00000250295	8	74209946	74268696
ENSG00000253339	8	74271148	74275023
ENSG00000207201	8	23934510	23934671
ENSG00000022567	8	142217265	142318404
ENSG00000253891	8	24027470	24034593
ENSG00000221351	8	129832040	129832124
ENSG00000253235	8	74281005	74281530
ENSG00000250400	8	130228713	130253496
ENSG00000154359	8	12579403	12613582
ENSG00000253535	8	24153327	24769586
ENSG00000253302	8	74332239	74353761
ENSG00000253225	8	130263213	130263384
ENSG00000254273	8	74423511	74423889
ENSG00000222755	8	130303229	130303521
ENSG00000253383	8	74502809	74503118
ENSG00000229140	8	130363937	130692485
ENSG00000254105	8	74563524	74563837
ENSG00000254538	8	74582676	74645132
ENSG00000253273	8	74743378	74744182
ENSG00000253926	8	130428195	130458098
ENSG00000263763	8	130496303	130496388
ENSG00000265513	8	130508088	130508189
ENSG00000272469	8	74746010	74746277
ENSG00000266096	8	130508468	130508569
ENSG00000251633	8	74817592	74827245
ENSG00000265219	8	130508758	130508857
ENSG00000253643	8	24347825	24372342
ENSG00000265687	8	130509216	130509296
ENSG00000264680	8	130509594	130509674
ENSG00000266387	8	130509833	130509913
ENSG00000254223	8	130691381	130695925
ENSG00000202220	8	74892019	74892112
ENSG00000244295	8	74894360	74894702
ENSG00000224110	8	130740990	130742691
ENSG00000253833	8	74896728	74897118
ENSG00000212348	8	74960912	74961019
ENSG00000254288	8	74964575	75012088
ENSG00000254317	8	130844547	130856750
ENSG00000243402	8	130876724	130877298
ENSG00000272163	8	24769678	24772230
ENSG00000200075	8	130880836	130880962
ENSG00000254263	8	130902711	130914004
ENSG00000253720	8	130952102	130961640
ENSG00000253043	8	131016774	131016847
ENSG00000104725	8	24808468	24814624
ENSG00000264653	8	131020580	131020699
ENSG00000200304	8	131081787	131081898
ENSG00000203377	8	131085393	131085648
ENSG00000212342	8	131175218	131175373
ENSG00000253656	8	131607545	131667958
ENSG00000253259	8	131904316	131905031
ENSG00000253992	8	131947655	131961911
ENSG00000253407	8	132142635	132157128
ENSG00000253507	8	132320792	132329879
ENSG00000272157	8	24814135	24814624
ENSG00000253832	8	24849516	24867292
ENSG00000253670	8	24998909	24999483
ENSG00000241811	8	25038946	25039235
ENSG00000253476	8	25283037	25284096
ENSG00000253100	8	25543314	25545040
ENSG00000252158	8	132445023	132445116
ENSG00000254255	8	132724759	132725227
ENSG00000253521	8	133572745	133573726
ENSG00000222570	8	133693146	133693248
ENSG00000270137	8	133838424	133839148
ENSG00000253342	8	25634195	25634972
ENSG00000254178	8	25691645	25697651
ENSG00000223697	8	133850375	133856543
ENSG00000248731	8	25798739	25801385
ENSG00000199620	8	25994396	25994514
ENSG00000240237	8	134014850	134015320
ENSG00000270132	8	134241299	134241940
ENSG00000243537	8	134338240	134338647
ENSG00000253638	8	134404454	134404933
ENSG00000249213	8	26112399	26114144
ENSG00000228451	8	26236775	26240469
ENSG00000253430	8	26280109	26281445
ENSG00000251203	8	26290545	26291581
ENSG00000254362	8	26298007	26300111
ENSG00000225259	8	134420249	134421471
ENSG00000253208	8	26405185	26405979
ENSG00000238509	8	43158519	43158625
ENSG00000261220	8	134585426	134586104
ENSG00000255497	8	43169091	43169343
ENSG00000212273	8	134656841	134656968
ENSG00000240519	8	26629307	26629657
ENSG00000253970	8	134767054	134767693
ENSG00000253916	8	134768088	134768889
ENSG00000264094	8	43221856	43221930
ENSG00000253561	8	134783652	134826780
ENSG00000253165	8	134787794	134789595
ENSG00000254342	8	43227702	43227820
ENSG00000253813	8	26693334	26693817
ENSG00000254313	8	134798336	134798511
ENSG00000215288	8	26868664	26869888
ENSG00000253593	8	134898739	134914650
ENSG00000271240	8	134975235	134975502
ENSG00000253627	8	135224108	135332690
ENSG00000254019	8	142264664	142266916
ENSG00000248492	8	135610314	135612932
ENSG00000201329	8	43233441	43233652
ENSG00000222630	8	43236787	43237091
ENSG00000170289	8	87566205	87755903
ENSG00000271048	8	135685374	135685755
ENSG00000250637	8	43298045	43308055
ENSG00000204882	8	142366600	142377367
ENSG00000221616	8	26906370	26906480
ENSG00000272456	8	135735190	135736192
ENSG00000259820	8	135804263	135810515
ENSG00000184489	8	142402093	142441620
ENSG00000197363	8	146024261	146036554
ENSG00000254069	8	43349080	43349905
ENSG00000253319	8	43366963	43367176
ENSG00000253418	8	43368786	43369564
ENSG00000254145	8	43394280	43394615
ENSG00000253748	8	43395116	43396070
ENSG00000253195	8	43397219	43399200
ENSG00000221295	8	43415811	43415916
ENSG00000253845	8	43527966	43528218
ENSG00000253198	8	43529413	43529734
ENSG00000255915	8	47172182	47172472
ENSG00000253425	8	47460711	47462424
ENSG00000248498	8	47490835	47526145
ENSG00000254070	8	47583461	47583548
ENSG00000251470	8	47609252	47610310
ENSG00000253899	8	26921513	26922795
ENSG00000228984	8	47696422	47697550
ENSG00000221623	8	27005221	27005309
ENSG00000253888	8	27041838	27068011
ENSG00000234770	8	27417791	27446590
ENSG00000207582	8	135812763	135812850
ENSG00000199153	8	135817119	135817188
ENSG00000254028	8	135844990	135846725
ENSG00000250857	8	47703687	47704686
ENSG00000253433	8	135850312	135854880
ENSG00000251218	8	135862178	135894142
ENSG00000244413	8	135991070	135991522
ENSG00000254083	8	136246374	136311962
ENSG00000253314	8	47733859	47765929
ENSG00000265266	8	136252033	136252102
ENSG00000254372	8	136468108	136469195
ENSG00000253915	8	136637428	136638224
ENSG00000199652	8	136754586	136754738
ENSG00000253248	8	137059264	137178365
ENSG00000253839	8	137501691	137542119
ENSG00000254101	8	137543041	137997178
ENSG00000253828	8	47738850	47740031
ENSG00000206678	8	138117595	138117701
ENSG00000254076	8	138708967	138710710
ENSG00000253288	8	138821687	139095813
ENSG00000252594	8	47742672	47742778
ENSG00000147789	8	146052849	146072894
ENSG00000254118	8	47749200	47750328
ENSG00000254361	8	138864570	138941287
ENSG00000253988	8	139075511	139085483
ENSG00000253432	8	140108548	140115073
ENSG00000240047	8	74968117	74968882
ENSG00000251744	8	140120673	140120777
ENSG00000253783	8	140126436	140140196
ENSG00000254258	8	140472305	140475259
ENSG00000254156	8	47750410	47750827
ENSG00000253574	8	140923482	140928864
ENSG00000212485	8	74991772	74991878
ENSG00000253115	8	75015751	75018979
ENSG00000253983	8	75111631	75120676
ENSG00000259891	8	141515912	141518142
ENSG00000259758	8	141530255	141539600
ENSG00000253596	8	75259992	75262285
ENSG00000207417	8	75288922	75289028
ENSG00000266502	8	75460778	75460852
ENSG00000253341	8	75515479	75516479
ENSG00000254324	8	141742663	141742752
ENSG00000252864	8	141950661	141950762
ENSG00000254080	8	75521933	75545555
ENSG00000253266	8	142065389	142070695
ENSG00000253706	8	75711019	75779174
ENSG00000253777	8	75716522	75717046
ENSG00000254043	8	75803386	75808537
ENSG00000254238	8	75938663	75941695
ENSG00000253712	8	76079939	76088891
ENSG00000249395	8	76135639	76236976
ENSG00000250305	8	12803151	12889012
ENSG00000253229	8	76214531	76214809
ENSG00000254023	8	76288944	76289249
ENSG00000221029	8	76698600	76698695
ENSG00000238595	8	76805035	76805139
ENSG00000222231	8	77177778	77177967
ENSG00000270866	8	77316233	77317326
ENSG00000271167	8	77316293	77319373
ENSG00000254300	8	77318889	77436591
ENSG00000226807	8	142443929	142517330
ENSG00000253661	8	77403435	77595513
ENSG00000253681	8	77488786	77491580
ENSG00000254305	8	77515475	77516087
ENSG00000253416	8	77816827	77825635
ENSG00000266712	8	77879004	77879086
ENSG00000253952	8	77925987	77926264
ENSG00000222334	8	78199052	78199131
ENSG00000254366	8	78311308	78449526
ENSG00000254001	8	79060336	79066148
ENSG00000252935	8	79310750	79310857
ENSG00000254266	8	79338338	79470738
ENSG00000260398	8	79518187	79521940
ENSG00000254352	8	79636031	79636371
ENSG00000253919	8	79672377	79674666
ENSG00000261618	8	79749764	79752757
ENSG00000264969	8	80009598	80009688
ENSG00000253659	8	80209952	80226706
ENSG00000253391	8	80432380	80432884
ENSG00000240540	8	80483388	80484570
ENSG00000272138	8	80680377	80715077
ENSG00000249328	8	80681607	80783994
ENSG00000238884	8	80712368	80712430
ENSG00000272518	8	80868700	80869616
ENSG00000272264	8	80944959	80945535
ENSG00000254205	8	81035087	81039905
ENSG00000241550	8	81116841	81117135
ENSG00000265588	8	81153624	81153708
ENSG00000241746	8	81177763	81178390
ENSG00000253238	8	81178389	81252075
ENSG00000226490	8	142524738	142528837
ENSG00000213791	8	81213104	81213716
ENSG00000206649	8	81229174	81229304
ENSG00000253237	8	81263367	81263651
ENSG00000252884	8	81317751	81317844
ENSG00000251867	8	81396796	81397854
ENSG00000254162	8	81447241	81451370
ENSG00000260317	8	81453535	81455339
ENSG00000164741	8	12940870	13373167
ENSG00000188856	8	81471105	81471992
ENSG00000171045	8	143293441	143484601
ENSG00000253760	8	81480285	81480741
ENSG00000223327	8	81497820	81498008
ENSG00000254181	8	81507050	81507938
ENSG00000243424	8	81525779	81526061
ENSG00000254331	8	81557174	81557408
ENSG00000212429	8	81661796	81661928
ENSG00000243951	8	81688901	81689197
ENSG00000253210	8	142136143	142140060
ENSG00000253307	8	142262385	142263391
ENSG00000253516	8	81724377	81724816
ENSG00000254197	8	142288327	142302961
ENSG00000254291	8	142336229	142337236
ENSG00000254060	8	81949199	81953066
ENSG00000253595	8	142350648	142354720
ENSG00000254177	8	81970758	81979979
ENSG00000253214	8	82066514	82076834
ENSG00000261655	8	142363503	142365465
ENSG00000244998	8	142400039	142402674
ENSG00000254014	8	82156391	82156573
ENSG00000271959	8	142444645	142448054
ENSG00000238854	8	142457575	142457649
ENSG00000253605	8	142469175	142470131
ENSG00000221123	8	143026860	143026986
ENSG00000254183	8	143049452	143050202
ENSG00000261710	8	143171188	143172980
ENSG00000265247	8	143257700	143257779
ENSG00000254008	8	143279717	143290364
ENSG00000253602	8	143328948	143329227
ENSG00000261693	8	143485013	143488389
ENSG00000232722	8	143648621	143653366
ENSG00000261044	8	143701734	143702425
ENSG00000253753	8	143719949	143722027
ENSG00000253803	8	47782524	47783667
ENSG00000253745	8	47834183	47840454
ENSG00000234616	8	143738874	143763386
ENSG00000253782	8	47842462	47846068
ENSG00000215179	8	47884099	47886240
ENSG00000253741	8	143783670	143808391
ENSG00000253677	8	82167105	82167464
ENSG00000253806	8	143808701	143809108
ENSG00000222099	8	47979644	47979946
ENSG00000272425	8	82187634	82189805
ENSG00000264231	8	47996975	47997049
ENSG00000253196	8	143844534	143847845
ENSG00000248347	8	48001195	48110484
ENSG00000253715	8	143866790	143893536
ENSG00000254027	8	82192106	82193681
ENSG00000253728	8	143915554	143916356
ENSG00000253421	8	143939770	143940213
ENSG00000196166	8	38368352	38386180
ENSG00000253859	8	82351671	82434053
ENSG00000247317	8	144063155	144099854
ENSG00000253374	8	82433853	82445510
ENSG00000237264	8	82433917	82434467
ENSG00000251521	8	82517804	82543369
ENSG00000253971	8	144077267	144077899
ENSG00000250115	8	144138477	144139233
ENSG00000200986	8	48043404	48043510
ENSG00000188873	8	48068741	48069394
ENSG00000243328	8	144147332	144148004
ENSG00000254151	8	82529455	82530795
ENSG00000240427	8	82539504	82539852
ENSG00000205184	8	82546592	82547897
ENSG00000253334	8	82704058	82727949
ENSG00000231942	8	82720007	82720961
ENSG00000248531	8	48076493	48077147
ENSG00000254348	8	48100928	48101183
ENSG00000255366	8	48102395	48104885
ENSG00000253502	8	48105625	48105970
ENSG00000253817	8	48109655	48109946
ENSG00000215177	8	48114067	48114520
ENSG00000253330	8	48423596	48424703
ENSG00000269924	8	48439959	48440710
ENSG00000251354	8	48459366	48460488
ENSG00000254065	8	48504709	48505171
ENSG00000207369	8	48580333	48580439
ENSG00000207450	8	48717640	48717740
ENSG00000211562	8	48802619	48802691
ENSG00000222522	8	48891974	48892081
ENSG00000253843	8	49106410	49107187
ENSG00000253654	8	49206586	49207254
ENSG00000252710	8	49220487	49220590
ENSG00000224594	8	49297150	49297609
ENSG00000147526	8	38585704	38710546
ENSG00000253716	8	144362331	144363860
ENSG00000181790	8	143530791	143626370
ENSG00000272172	8	144372569	144372791
ENSG00000263660	8	144397091	144397176
ENSG00000212221	8	144432342	144432448
ENSG00000254389	8	144448801	144450718
ENSG00000253931	8	144494919	144499224
ENSG00000254338	8	144499849	144501320
ENSG00000254859	8	144624143	144631899
ENSG00000254144	8	144624280	144624570
ENSG00000255050	8	144655660	144659567
ENSG00000254741	8	144661806	144662840
ENSG00000271912	8	144683416	144685394
ENSG00000254812	8	144714241	144715926
ENSG00000252075	8	144728080	144728139
ENSG00000181097	8	144778324	144780583
ENSG00000254574	8	144791177	144795754
ENSG00000254548	8	144800416	144801061
ENSG00000265660	8	144815253	144815323
ENSG00000203499	8	144816310	144828507
ENSG00000254973	8	144840323	144853992
ENSG00000214733	8	144871090	144872629
ENSG00000170619	8	146066427	146079121
ENSG00000216090	8	144895127	144895212
ENSG00000255343	8	144915440	144916233
ENSG00000264144	8	144926240	144926325
ENSG00000207574	8	145019359	145019447
ENSG00000204791	8	145104030	145106423
ENSG00000164743	8	13424352	13425796
ENSG00000178814	8	145106167	145118735
ENSG00000254689	8	82797612	82835428
ENSG00000254123	8	83010686	83072812
ENSG00000185053	8	13947373	15095848
ENSG00000206228	8	83203859	83204614
ENSG00000253503	8	83426803	83589388
ENSG00000253836	8	83775014	83870931
ENSG00000254394	8	83824339	83874161
ENSG00000253581	8	83891646	83892121
ENSG00000254189	8	84012211	84013081
ENSG00000253423	8	84113187	84114666
ENSG00000253898	8	84315993	84321135
ENSG00000254202	8	84824948	85052518
ENSG00000254195	8	85074353	85074706
ENSG00000253362	8	85075684	85076799
ENSG00000221185	8	85208238	85208323
ENSG00000206701	8	85577994	85578100
ENSG00000253137	8	85591033	85592077
ENSG00000248978	8	85740808	85741714
ENSG00000254212	8	85776903	85777142
ENSG00000238566	8	85832053	85832148
ENSG00000203413	8	85860820	85861909
ENSG00000253655	8	85892308	85892782
ENSG00000253283	8	85998850	85999421
ENSG00000196150	8	146076632	146127553
ENSG00000260493	8	86084312	86089297
ENSG00000254208	8	86089757	86090385
ENSG00000253549	8	86354080	86377144
ENSG00000254380	8	86436128	86452740
ENSG00000253680	8	86529573	86529741
ENSG00000270971	8	86554958	86556701
ENSG00000272628	8	86566862	86568611
ENSG00000270416	8	86726454	86728113
ENSG00000271381	8	86775087	86776836
ENSG00000270375	8	86839131	86840877
ENSG00000253154	8	86851934	86963312
ENSG00000227753	8	87029048	87029355
ENSG00000243761	8	87055331	87055736
ENSG00000104723	8	15274724	15624158
ENSG00000253675	8	87111194	87166454
ENSG00000253699	8	87192647	87224465
ENSG00000254231	8	87345503	87355543
ENSG00000250569	8	87493983	87495231
ENSG00000254088	8	87515820	87517290
ENSG00000253292	8	87605983	87606817
ENSG00000205333	8	87669616	87672521
ENSG00000221137	8	87670098	87670180
ENSG00000233915	8	87672753	87674150
ENSG00000254115	8	87719775	87777251
ENSG00000253778	8	87778163	87830786
ENSG00000253568	8	87788707	87788866
ENSG00000253500	8	88554214	88767946
ENSG00000253401	8	88587826	88588736
ENSG00000251563	8	88610690	88613862
ENSG00000254376	8	88800790	88801916
ENSG00000253171	8	88986393	89031341
ENSG00000253553	8	89339065	89749363
ENSG00000198576	8	143692405	143696833
ENSG00000167653	8	143751726	143764142
ENSG00000160886	8	143781529	143786545
ENSG00000255224	8	145132905	145134168
ENSG00000227473	8	145196117	145198567
ENSG00000264721	8	145210801	145210892
ENSG00000264987	8	145456008	145456099
ENSG00000204771	8	145462709	145485885
ENSG00000170631	8	146155744	146176274
ENSG00000254690	8	145538253	145538801
ENSG00000216133	8	145619364	145619445
ENSG00000221802	8	145625476	145625559
ENSG00000272115	8	145634876	145635360
ENSG00000232600	8	145660602	145665354
ENSG00000254578	8	145689200	145690484
ENSG00000251904	8	89408666	89408776
ENSG00000250962	8	89497339	89498323
ENSG00000255182	8	145721001	145730827
ENSG00000271156	8	89820547	89821137
ENSG00000253621	8	90255630	90256022
ENSG00000261139	8	145721763	145725663
ENSG00000265393	8	145737950	145739056
ENSG00000248231	8	90424850	90427300
ENSG00000255681	8	145774891	145775057
ENSG00000256822	8	145784429	145784599
ENSG00000265295	8	145792691	145792776
ENSG00000169499	8	38758753	38831428
ENSG00000251136	8	90621638	90769955
ENSG00000130193	8	143808621	143818345
ENSG00000253349	8	90835776	90836030
ENSG00000207359	8	90912949	90913052
ENSG00000253394	8	91233716	91581546
ENSG00000265157	8	91475555	91475604
ENSG00000199354	8	91523356	91523468
ENSG00000254180	8	91546839	91632298
ENSG00000253799	8	91605032	91618293
ENSG00000246792	8	91658669	91668826
ENSG00000254182	8	91713310	91714104
ENSG00000254251	8	91818702	91871468
ENSG00000255456	8	145809424	145811872
ENSG00000253358	8	92028816	92030883
ENSG00000254533	8	145923999	145924570
ENSG00000255085	8	145925738	145933902
ENSG00000263612	8	145939284	145940230
ENSG00000244307	8	146010683	146010971
ENSG00000263640	8	146078798	146078907
ENSG00000176571	8	87878670	88627447
ENSG00000038945	8	15965387	16424999
ENSG00000182307	8	146277764	146281416
ENSG00000176566	8	88882973	88886296
ENSG00000156103	8	89044237	89340254
ENSG00000078579	8	16849678	16859690
ENSG00000155970	8	16884747	16980153
ENSG00000169495	8	38831683	38846181
ENSG00000169490	8	38846327	38854343
ENSG00000104219	8	17013538	17082308
ENSG00000104312	8	90769975	90803291
ENSG00000198791	8	17086737	17104387
ENSG00000168615	8	38854388	38962663
ENSG00000253620	8	14091	14320
ENSG00000254193	8	100584	100728
ENSG00000253612	8	105274	105481
ENSG00000255464	8	150385	150562
ENSG00000253166	8	152660	152897
ENSG00000223508	8	163186	182231
ENSG00000272812	8	183119	183692
ENSG00000272240	8	184347	184887
ENSG00000273402	8	187045	187669
ENSG00000164823	8	90914087	90940116
ENSG00000254104	8	214315	214672
ENSG00000249868	8	255306	281026
ENSG00000182366	8	325931	333174
ENSG00000272293	8	400714	401343
ENSG00000272005	8	424455	427966
ENSG00000254207	8	675188	675877
ENSG00000237647	8	687651	1087777
ENSG00000104320	8	90945564	91015456
ENSG00000254269	8	1054882	1212580
ENSG00000254160	8	1196789	1198760
ENSG00000253640	8	1244292	1250829
ENSG00000260721	8	1316808	1317999
ENSG00000253267	8	1513675	1570583
ENSG00000254265	8	1678372	1679618
ENSG00000253982	8	1710156	1712668
ENSG00000155975	8	17104080	17159936
ENSG00000207826	8	1765397	1765473
ENSG00000253696	8	1919563	1924644
ENSG00000253764	8	1920736	1922803
ENSG00000270988	8	1922984	1923480
ENSG00000253805	8	1981650	1983729
ENSG00000253444	8	2350992	2369693
ENSG00000253855	8	2376124	2379308
ENSG00000249694	8	2447076	2480453
ENSG00000254319	8	2523591	2585991
ENSG00000126233	8	143822362	143823829
ENSG00000197353	8	143831568	143833952
ENSG00000253853	8	2584858	2680004
ENSG00000253162	8	3230875	3232748
ENSG00000180155	8	143845752	143859640
ENSG00000222546	8	3558014	3558150
ENSG00000264588	8	4250344	4250612
ENSG00000254244	8	4644854	4646106
ENSG00000003987	8	17155539	17271037
ENSG00000253262	8	4930167	4930391
ENSG00000206661	8	4985801	4985934
ENSG00000242079	8	4999933	5000229
ENSG00000271248	8	5312740	5313187
ENSG00000240486	8	5334070	5334488
ENSG00000253510	8	5363590	5366648
ENSG00000254007	8	5517201	5527599
ENSG00000253571	8	5706219	5707214
ENSG00000222589	8	5768467	5768758
ENSG00000253189	8	5893955	5894496
ENSG00000253880	8	5901875	6115058
ENSG00000246089	8	6261072	6264663
ENSG00000253550	8	6331366	6331809
ENSG00000271743	8	6473125	6474719
ENSG00000249898	8	6475996	6565730
ENSG00000104325	8	91013633	91064320
ENSG00000167656	8	143866296	143868008
ENSG00000104499	8	143915663	143997922
ENSG00000271927	8	6503576	6506025
ENSG00000160882	8	143953772	143961262
ENSG00000266038	8	6602685	6602765
ENSG00000003989	8	17354597	17428082
ENSG00000186530	8	6666038	6693166
ENSG00000245857	8	6693076	6742798
ENSG00000250752	8	6756400	6756990
ENSG00000179142	8	143991975	143999259
ENSG00000254625	8	6786130	6787995
ENSG00000197140	8	38964509	39142430
ENSG00000223629	8	6808248	6809121
ENSG00000233238	8	6816811	6817683
ENSG00000233531	8	6825663	6826635
ENSG00000104327	8	91070836	91107703
ENSG00000160932	8	144099399	144105249
ENSG00000104213	8	17433942	17501580
ENSG00000215378	8	6844700	6847243
ENSG00000180694	8	91634223	91803860
ENSG00000232039	8	6863815	6864911
ENSG00000234178	8	6886163	6887011
ENSG00000206042	8	6896093	6896961
ENSG00000255273	8	6940493	6940850
ENSG00000234120	8	6969836	6971250
ENSG00000216206	8	6973421	6973570
ENSG00000228744	8	6980379	6981226
ENSG00000254683	8	7001154	7001363
ENSG00000230106	8	7028072	7028263
ENSG00000214268	8	7048423	7049085
ENSG00000221567	8	7055962	7056110
ENSG00000231930	8	7058278	7058379
ENSG00000123119	8	91803778	91971636
ENSG00000255025	8	7095808	7096153
ENSG00000177306	8	7104248	7105874
ENSG00000230045	8	7114426	7117436
ENSG00000129422	8	17501304	17658426
ENSG00000233132	8	7122048	7132680
ENSG00000249005	8	7129670	7132680
ENSG00000223885	8	7137292	7140766
ENSG00000177335	8	144120626	144141359
ENSG00000215373	8	7144914	7148476
ENSG00000253250	8	91970865	91997485
ENSG00000233295	8	7152536	7155546
ENSG00000261667	8	144161874	144164418
ENSG00000176956	8	144239331	144242128
ENSG00000168619	8	39442008	39587583
ENSG00000155099	8	92006024	92053292
ENSG00000215374	8	7159133	7212876
ENSG00000206034	8	7170368	7177473
ENSG00000182851	8	144295068	144299044
ENSG00000155100	8	92082424	92099323
ENSG00000181638	8	144328991	144344875
ENSG00000230549	8	7189909	7191501
ENSG00000236125	8	7194637	7196229
ENSG00000235778	8	7199348	7200464
ENSG00000215371	8	7230636	7235022
ENSG00000255128	8	7276513	7278068
ENSG00000216194	8	7315478	7315572
ENSG00000248944	8	7406575	7409584
ENSG00000236660	8	7414222	7417234
ENSG00000234749	8	7421320	7440175
ENSG00000264668	8	144329280	144358573
ENSG00000215365	8	7429517	7432528
ENSG00000250571	8	144349603	144359101
ENSG00000241737	8	7437166	7440175
ENSG00000233176	8	7449528	7450438
ENSG00000254796	8	7458526	7458789
ENSG00000185730	8	144371846	144380231
ENSG00000214954	8	92114060	92231464
ENSG00000147606	8	92221722	92410378
ENSG00000254889	8	7554352	7554615
ENSG00000184428	8	144386554	144442149
ENSG00000254715	8	7562704	7564413
ENSG00000189393	8	7572965	7575975
ENSG00000231656	8	7580613	7591823
ENSG00000104755	8	39601254	39695808
ENSG00000229477	8	7588261	7591271
ENSG00000224710	8	7595909	7598918
ENSG00000223535	8	7603556	7614766
ENSG00000237122	8	7611204	7614214
ENSG00000104760	8	17721889	17767874
ENSG00000078674	8	17780349	17885478
ENSG00000079102	8	92967203	93115514
ENSG00000131203	8	39759794	39785963
ENSG00000158106	8	144451057	144466390
ENSG00000188676	8	39792133	39873910
ENSG00000182759	8	144501352	144512576
ENSG00000176907	8	40010989	40012821
ENSG00000014164	8	144519825	144623623
ENSG00000165061	8	40388109	40755352
ENSG00000104518	8	144635377	144645232
ENSG00000104763	8	17913934	17942494
ENSG00000104332	8	41119481	41167016
ENSG00000147533	8	41347915	41368499
ENSG00000147536	8	41386725	41402565
ENSG00000205133	8	93895758	94029901
ENSG00000171428	8	18027986	18081198
ENSG00000204839	8	144648357	144655141
ENSG00000212999	8	93895865	93898013
ENSG00000254318	8	94146324	94179079
ENSG00000268080	8	94241867	94242388
ENSG00000156006	8	18248755	18258728
ENSG00000188343	8	94710789	94743755
ENSG00000156011	8	18384811	18942240
ENSG00000158669	8	41434706	41482520
ENSG00000147813	8	144656955	144660819
ENSG00000104611	8	19171128	19253729
ENSG00000165066	8	41502697	41508855
ENSG00000147408	8	19261672	19615540
ENSG00000104529	8	144661867	144681711
ENSG00000104613	8	19674651	19709594
ENSG00000029534	8	41510739	41754280
ENSG00000183808	8	94741584	94753245
ENSG00000212998	8	94752349	94753001
ENSG00000164953	8	94767072	94831462
ENSG00000175445	8	19759228	19824769
ENSG00000036565	8	20002366	20040717
ENSG00000147416	8	20054878	20084330
ENSG00000164951	8	94870035	94938294
ENSG00000079112	8	95139399	95229531
ENSG00000164949	8	95261481	95274578
ENSG00000061337	8	20103676	20161474
ENSG00000197275	8	95384188	95487337
ENSG00000168546	8	21547915	21669869
ENSG00000265817	8	95390605	95449180
ENSG00000147443	8	21766384	21771371
ENSG00000164944	8	95499921	95565757
ENSG00000179886	8	144680074	144682485
ENSG00000104524	8	144686083	144691943
ENSG00000104522	8	144694788	144700218
ENSG00000130227	8	21777180	21864096
ENSG00000083168	8	41786997	41909508
ENSG00000070718	8	42010464	42029191
ENSG00000212997	8	95558771	95560630
ENSG00000104413	8	95653302	95719694
ENSG00000158806	8	21881636	21894408
ENSG00000183309	8	144718183	144735900
ENSG00000104368	8	42032236	42065242
ENSG00000158815	8	21899909	21906320
ENSG00000156162	8	95731931	95806064
ENSG00000158856	8	21906506	21940038
ENSG00000164941	8	95825539	95893974
ENSG00000181135	8	144766622	144796068
ENSG00000104365	8	42128820	42189973
ENSG00000255181	8	144788864	144790279
ENSG00000181085	8	144798429	144804628
ENSG00000180921	8	144806103	144815971
ENSG00000180900	8	144873090	144897549
ENSG00000158863	8	21946670	21962409
ENSG00000175305	8	95891998	95908906
ENSG00000173566	8	21964383	21966932
ENSG00000168453	8	21971928	21990897
ENSG00000156170	8	95907995	96128683
ENSG00000168476	8	21995533	21999464
ENSG00000070501	8	42195972	42229326
ENSG00000164938	8	95938200	95961639
ENSG00000175895	8	96146032	96168912
ENSG00000156172	8	96257147	96281429
ENSG00000156466	8	97154562	97173020
ENSG00000179950	8	144898514	144912029
ENSG00000156467	8	97238148	97247862
ENSG00000168481	8	22004338	22014597
ENSG00000104371	8	42231586	42234750
ENSG00000168484	8	22014426	22021992
ENSG00000078668	8	42249142	42263415
ENSG00000156469	8	97251626	97273838
ENSG00000185189	8	144915764	144924200
ENSG00000156471	8	97273943	97349223
ENSG00000168487	8	22022249	22069839
ENSG00000168575	8	42273993	42397069
ENSG00000227184	8	144939497	144952632
ENSG00000176209	8	42396298	42409603
ENSG00000147432	8	42552519	42592550
ENSG00000147434	8	42607763	42651535
ENSG00000169439	8	97505579	97624000
ENSG00000131931	8	42691817	42698468
ENSG00000120925	8	42704780	42752433
ENSG00000178209	8	144989321	145050902
ENSG00000104324	8	97657455	98161882
ENSG00000168172	8	42752075	42885682
ENSG00000180543	8	98285717	98290176
ENSG00000147649	8	98656407	98740998
ENSG00000104341	8	98787285	98865241
ENSG00000254673	8	42873567	42932477
ENSG00000132561	8	98881068	99048944
ENSG00000168522	8	42889337	42940931
ENSG00000185900	8	42948658	42978577
ENSG00000168490	8	22077222	22089854
ENSG00000178685	8	145051321	145086940
ENSG00000168495	8	22102617	22112113
ENSG00000178719	8	145064226	145067583
ENSG00000165102	8	42995556	43057998
ENSG00000186583	8	145086582	145101933
ENSG00000178896	8	145133529	145135550
ENSG00000197181	8	22132810	22215076
ENSG00000156482	8	99037079	99058697
ENSG00000197858	8	145137493	145141119
ENSG00000104635	8	22224762	22291642
ENSG00000177459	8	99076539	99105838
ENSG00000164808	8	48173167	48648868
ENSG00000132541	8	99114572	99129469
ENSG00000179091	8	145149930	145152428
ENSG00000104356	8	99129525	99172062
ENSG00000179526	8	145153536	145163027
ENSG00000120910	8	22298332	22398652
ENSG00000104361	8	99202061	99306621
ENSG00000104375	8	99413631	99955055
ENSG00000156486	8	99439250	99445076
ENSG00000164920	8	99956631	99964332
ENSG00000179632	8	145159402	145162514
ENSG00000179698	8	145162629	145173218
ENSG00000120896	8	22402499	22433301
ENSG00000235173	8	145192672	145195746
ENSG00000179832	8	145202919	145316843
ENSG00000221869	8	48649471	48651648
ENSG00000132549	8	100025494	100889808
ENSG00000253729	8	48685669	48872743
ENSG00000253896	8	22601	29775
ENSG00000176269	8	116049	117043
ENSG00000250210	8	142091	150563
ENSG00000172748	8	182137	197342
ENSG00000147364	8	356428	421225
ENSG00000204775	8	145317003	145331153
ENSG00000120913	8	22435792	22455538
ENSG00000187786	8	145321517	145323045
ENSG00000230567	8	145437880	145440835
ENSG00000180190	8	439803	495781
ENSG00000104714	8	564746	688106
ENSG00000198010	8	1449532	1656642
ENSG00000170727	8	145486055	145515082
ENSG00000248235	8	22446787	22459597
ENSG00000182372	8	1703944	1734738
ENSG00000241852	8	22457114	22461663
ENSG00000104728	8	1772142	1906807
ENSG00000104738	8	48872745	48890720
ENSG00000158941	8	22462145	22479027
ENSG00000164919	8	100885428	100906290
ENSG00000176595	8	1922044	1955102
ENSG00000188686	8	145490549	145492470
ENSG00000036448	8	1993155	2113475
ENSG00000185122	8	145515280	145538385
ENSG00000132554	8	100973164	101143496
ENSG00000185000	8	145539954	145550573
ENSG00000147439	8	22477931	22526661
ENSG00000156509	8	101145588	101158028
ENSG00000147669	8	101162812	101166230
ENSG00000183117	8	2792875	4852494
ENSG00000104450	8	101170134	101271506
ENSG00000169139	8	48920960	48977268
ENSG00000170616	8	145554228	145559943
ENSG00000214597	8	145575878	145578574
ENSG00000271698	8	145576888	145579269
ENSG00000034239	8	49623348	49647870
ENSG00000179388	8	22545172	22550815
ENSG00000134020	8	22570769	22857513
ENSG00000185803	8	145577795	145584932
ENSG00000008853	8	22844930	22877712
ENSG00000182325	8	145579091	145583036
ENSG00000019549	8	49830249	49834299
ENSG00000168333	8	49966870	49988649
ENSG00000253206	8	50448945	50466973
ENSG00000034677	8	101269288	101348446
ENSG00000147481	8	50822349	51706678
ENSG00000186106	8	101521980	101572012
ENSG00000174226	8	101585116	101675643
ENSG00000173137	8	145596790	145618457
ENSG00000120889	8	22877646	22926692
ENSG00000147316	8	6264113	6501144
ENSG00000070756	8	101698044	101735037
ENSG00000147485	8	52232138	52722005
ENSG00000091879	8	6357172	6420930
ENSG00000071894	8	145618444	145634753
ENSG00000155189	8	6565878	6617184
ENSG00000168300	8	52730140	52811735
ENSG00000164825	8	6728097	6735544
ENSG00000164822	8	6782215	6783598
ENSG00000164821	8	6793344	6795860
ENSG00000206047	8	6835171	6837602
ENSG00000240247	8	6854288	6875778
ENSG00000239839	8	6873391	6875823
ENSG00000164816	8	6912831	6914256
ENSG00000215372	8	7213039	7243080
ENSG00000177257	8	7272382	7274385
ENSG00000177243	8	7286410	7287870
ENSG00000164871	8	7300206	7321196
ENSG00000177023	8	7327830	7332604
ENSG00000187082	8	7340026	7343922
ENSG00000186599	8	7345191	7347115
ENSG00000173535	8	22941868	22974950
ENSG00000173530	8	22993101	23021543
ENSG00000198129	8	7353368	7366833
ENSG00000255251	8	7397150	7399972
ENSG00000104689	8	23047965	23082639
ENSG00000255378	8	7636113	7638935
ENSG00000186572	8	7669242	7673238
ENSG00000186562	8	7679488	7681411
ENSG00000186579	8	7682694	7686575
ENSG00000176782	8	7693993	7698764
ENSG00000178287	8	7705398	7726389
ENSG00000147457	8	23101150	23119512
ENSG00000176797	8	7738726	7740186
ENSG00000171711	8	7752151	7754233
ENSG00000215356	8	7783859	7812271
ENSG00000104679	8	23127633	23153792
ENSG00000268955	8	8046158	8046331
ENSG00000182319	8	8175258	8244008
ENSG00000253958	8	8559448	8561616
ENSG00000147324	8	8640864	8751155
ENSG00000104626	8	8859657	8974256
ENSG00000147804	8	145635126	145642279
ENSG00000232941	8	52730143	52730969
ENSG00000134013	8	23154702	23282841
ENSG00000160948	8	145649000	145653931
ENSG00000147488	8	53023399	53373519
ENSG00000197217	8	23243296	23315208
ENSG00000160949	8	145654165	145669827
ENSG00000196711	8	53446597	53478067
ENSG00000023287	8	53535016	53658403
ENSG00000147454	8	23386318	23432976
ENSG00000183729	8	53850991	53853677
ENSG00000082556	8	54138284	54164257
ENSG00000268085	8	23412287	23420651
ENSG00000215298	8	23430157	23432974
ENSG00000167034	8	23536206	23540440
ENSG00000180053	8	23559964	23564111
ENSG00000159167	8	23699428	23712320
ENSG00000042980	8	24151553	24216531
ENSG00000047249	8	54628117	54756118
ENSG00000164924	8	101928753	101965616
ENSG00000120963	8	102190106	102218421
ENSG00000147509	8	54764368	54871863
ENSG00000083307	8	102504660	102681954
ENSG00000134028	8	24241798	24263526
ENSG00000104490	8	102698771	103137135
ENSG00000069206	8	24298443	24384483
ENSG00000187735	8	54879112	54935089
ENSG00000048392	8	103216730	103251346
ENSG00000104722	8	24770525	24776607
ENSG00000147459	8	25042238	25275598
ENSG00000120992	8	54958938	55014577
ENSG00000104517	8	103265240	103425069
ENSG00000137547	8	55047770	55060461
ENSG00000164736	8	55370495	55373448
ENSG00000104237	8	55528627	55543394
ENSG00000206579	8	56014949	56454613
ENSG00000253976	8	56047763	56054918
ENSG00000253857	8	56074043	56077287
ENSG00000147437	8	25276776	25282170
ENSG00000104756	8	25285366	25315992
ENSG00000167904	8	56608983	56685966
ENSG00000253633	8	103540968	103550896
ENSG00000155087	8	103563800	103573245
ENSG00000155090	8	103661007	103668130
ENSG00000184661	8	25316513	25365436
ENSG00000137574	8	56685701	56738007
ENSG00000221818	8	25699246	25902913
ENSG00000155096	8	103838585	103906092
ENSG00000254087	8	56792372	56923940
ENSG00000221914	8	26149007	26230196
ENSG00000253320	8	103876528	103990104
ENSG00000008988	8	56979854	56987069
ENSG00000104765	8	26240414	26363152
ENSG00000172680	8	57025501	57026541
ENSG00000181690	8	57073463	57123883
ENSG00000155097	8	104033291	104085279
ENSG00000236939	8	104145191	104153703
ENSG00000164929	8	104152938	104242533
ENSG00000170791	8	57124245	57131357
ENSG00000240694	8	26362202	26371608
ENSG00000092964	8	26371791	26515694
ENSG00000164930	8	104310661	104345094
ENSG00000164932	8	104383743	104395225
ENSG00000164933	8	104410863	104427417
ENSG00000170786	8	57212569	57233335
ENSG00000181195	8	57349233	57359293
ENSG00000164934	8	104426942	104455681
ENSG00000120907	8	26605667	26724790
ENSG00000104331	8	57870492	57906403
ENSG00000169122	8	58907068	59116838
ENSG00000253903	8	26943694	26944766
ENSG00000015592	8	27092840	27115937
ENSG00000215114	8	59323823	59364060
ENSG00000167910	8	59402737	59412795
ENSG00000137575	8	59465483	59495419
ENSG00000176406	8	104512976	105268322
ENSG00000104228	8	27142404	27168836
ENSG00000035681	8	59496063	59572403
ENSG00000147647	8	105342552	105479281
ENSG00000164935	8	105351315	105368917
ENSG00000147650	8	105501459	105601252
ENSG00000120899	8	27168999	27316903
ENSG00000253350	8	105602961	106431488
ENSG00000169946	8	106330920	106816760
ENSG00000198846	8	59717977	60031767
ENSG00000178538	8	61099906	61193971
ENSG00000104388	8	61429416	61536186
ENSG00000171316	8	61591337	61779465
ENSG00000120903	8	27317279	27337400
ENSG00000164830	8	107282473	107764922
ENSG00000120915	8	27348296	27403081
ENSG00000177182	8	61969717	62414204
ENSG00000174429	8	107771711	107782473
ENSG00000120885	8	27454434	27472548
ENSG00000154188	8	108261721	108510283
ENSG00000198363	8	62413116	62627155
ENSG00000147655	8	108911544	109095913
ENSG00000168077	8	27491385	27534293
ENSG00000104408	8	109213445	109447562
ENSG00000104412	8	109455830	109499145
ENSG00000147419	8	27590835	27630170
ENSG00000164841	8	109619079	109799844
ENSG00000174417	8	110098850	110131813
ENSG00000120526	8	110253148	110346614
ENSG00000120533	8	110346553	110358182
ENSG00000171320	8	27629466	27670157
ENSG00000185942	8	63161150	63912211
ENSG00000205038	8	110374706	110542559
ENSG00000168078	8	27667137	27695612
ENSG00000137563	8	63927638	63951730
ENSG00000137561	8	63961112	63998612
ENSG00000185728	8	64081112	64125346
ENSG00000180828	8	65492814	65496181
ENSG00000147654	8	110551940	110578225
ENSG00000172817	8	65500320	65711318
ENSG00000104442	8	66514694	66546442
ENSG00000168079	8	27727399	27850244
ENSG00000189233	8	27879481	27941388
ENSG00000066855	8	66556969	66683496
ENSG00000134014	8	27947190	28048673
ENSG00000147642	8	110586207	110704020
ENSG00000205268	8	66629745	66754557
ENSG00000248050	8	110656344	110660313
ENSG00000164794	8	110975874	110988076
ENSG00000168081	8	28174503	28200872
ENSG00000147570	8	66933795	67012751
ENSG00000186918	8	28203102	28260218
ENSG00000214050	8	28205804	28347835
ENSG00000147573	8	67039131	67087720
ENSG00000104290	8	28351729	28431775
ENSG00000012232	8	28457986	28613116
ENSG00000164796	8	113235157	114449328
ENSG00000147571	8	67088620	67090960
ENSG00000179041	8	67341263	67342966
ENSG00000104299	8	28625178	28747759
ENSG00000147576	8	67342420	67383836
ENSG00000147421	8	28747911	28922281
ENSG00000169085	8	67372238	67430759
ENSG00000197892	8	28924796	29120641
ENSG00000185697	8	67474410	67526482
ENSG00000253207	8	114612539	114629187
ENSG00000120875	8	29190581	29208185
ENSG00000104447	8	116420724	116821899
ENSG00000147677	8	117654369	117779164
ENSG00000133872	8	29920528	29940723
ENSG00000147679	8	117778742	117861702
ENSG00000175073	8	67540722	67579452
ENSG00000270024	8	67579831	67772707
ENSG00000213865	8	67579850	67597799
ENSG00000104660	8	29952914	30034724
ENSG00000164754	8	117858174	117887105
ENSG00000177669	8	29989340	30002202
ENSG00000104671	8	30013813	30041156
ENSG00000104205	8	67624653	67774257
ENSG00000157110	8	30241944	30429778
ENSG00000178460	8	67782984	67834283
ENSG00000205002	8	117950438	117956726
ENSG00000164756	8	117962512	118188953
ENSG00000197265	8	30435835	30515768
ENSG00000261787	8	67858736	67874825
ENSG00000178125	8	67876334	67968839
ENSG00000164758	8	118532952	118552501
ENSG00000182197	8	118806729	119124092
ENSG00000253457	8	30496117	30503581
ENSG00000121022	8	67955314	67996018
ENSG00000104687	8	30535583	30585443
ENSG00000177570	8	119201698	119634234
ENSG00000225885	8	119294378	119412844
ENSG00000164761	8	119935796	119964439
ENSG00000184374	8	120007691	120118821
ENSG00000104695	8	30631973	30671830
ENSG00000133863	8	30689060	30748122
ENSG00000136999	8	120428546	120436593
ENSG00000172733	8	30853321	30891231
ENSG00000104218	8	67974661	68108498
ENSG00000165392	8	30891317	31031285
ENSG00000157168	8	31496902	32622548
ENSG00000136960	8	120569326	120685693
ENSG00000064313	8	120743015	120845103
ENSG00000136982	8	120846216	120868250
ENSG00000066777	8	68085747	68255912
ENSG00000155792	8	120885957	121063152
ENSG00000187955	8	121072019	121384275
ENSG00000172728	8	33228342	33330940
ENSG00000165078	8	68334360	68658620
ENSG00000046889	8	68864353	69149265
ENSG00000172172	8	121393000	121457642
ENSG00000129696	8	33330904	33371119
ENSG00000172167	8	121457640	121554373
ENSG00000198042	8	33342268	33358778
ENSG00000133874	8	33405273	33424643
ENSG00000248801	8	69215703	69243726
ENSG00000133878	8	33448856	33457624
ENSG00000172164	8	121547985	121825513
ENSG00000165084	8	69242957	69731257
ENSG00000170961	8	122624356	122653630
ENSG00000178764	8	123793633	123986750
ENSG00000156687	8	35092975	35654068
ENSG00000136986	8	124025404	124054663
ENSG00000156787	8	124054208	124164393
ENSG00000233863	8	35649365	35653384
ENSG00000137573	8	70378859	70573150
ENSG00000215262	8	36641842	36793646
ENSG00000183779	8	37553269	37557537
ENSG00000183154	8	37592279	37594944
ENSG00000147475	8	37594117	37616619
ENSG00000147689	8	124191200	124222314
ENSG00000147471	8	37620111	37637283
ENSG00000189376	8	124232196	124253638
ENSG00000137571	8	70579282	70747299
ENSG00000259305	8	124238431	124279627
ENSG00000165156	8	124260696	124287781
ENSG00000269197	8	70850403	70850635
ENSG00000147596	8	70963886	70983928
ENSG00000020181	8	37641709	37702414
ENSG00000140396	8	71021997	71316040
ENSG00000156802	8	124332090	124428590
ENSG00000104221	8	37700786	37707422
ENSG00000156675	8	37716136	37756985
ENSG00000067167	8	71485677	71520622
ENSG00000213002	8	71485681	71486671
ENSG00000246366	8	71520812	71575514
ENSG00000169154	8	37791799	37797647
ENSG00000188778	8	37820516	37824483
ENSG00000187840	8	37887859	37917883
ENSG00000156795	8	124428965	124479470
ENSG00000147592	8	71547553	71581409
ENSG00000129691	8	37962760	38001594
ENSG00000221947	8	71581600	71702606
ENSG00000156804	8	124510129	124553446
ENSG00000104313	8	72109668	72274467
ENSG00000175946	8	124657767	124665190
ENSG00000104537	8	124693034	124749647
ENSG00000176853	8	124780696	124827692
ENSG00000147465	8	38001167	38008783
ENSG00000175324	8	38020839	38034248
ENSG00000156735	8	38034051	38070819
ENSG00000085788	8	38082736	38133076
ENSG00000214814	8	124864227	125132302
ENSG00000164983	8	125324231	125384933
ENSG00000183665	8	125463048	125474391
ENSG00000170881	8	125486979	125500155
ENSG00000253379	8	72315675	72504260
ENSG00000147687	8	125500726	125551699
ENSG00000235531	8	72740402	73030628
ENSG00000178860	8	72753784	72756703
ENSG00000104321	8	72932152	72987852
ENSG00000182674	8	73449626	73850584
ENSG00000147601	8	73921099	73960357
ENSG00000147684	8	125551344	125580751
ENSG00000164764	8	73976775	74036323
ENSG00000170873	8	125563031	125740730
ENSG00000147604	8	74202506	74208024
ENSG00000121039	8	74206847	74237516
ENSG00000180938	8	125985540	125991631
ENSG00000104549	8	126010739	126034525
ENSG00000040341	8	74332604	74659943
ENSG00000164961	8	126036502	126104082
ENSG00000258677	8	74600926	74791089
ENSG00000104343	8	74692332	74791145
ENSG00000156831	8	126103921	126379362
ENSG00000173334	8	126442563	126450647
ENSG00000168672	8	127564687	127570638
ENSG00000212993	8	128426535	128432311
ENSG00000154582	8	74851404	74884522
ENSG00000136997	8	128747680	128753674
ENSG00000256655	8	128959126	128960591
ENSG00000147697	8	130760442	130799134
ENSG00000175606	8	74884672	74895018
ENSG00000153310	8	130851839	131029375
ENSG00000154589	8	74903587	74941322
ENSG00000104369	8	75146935	75233563
ENSG00000104381	8	75233365	75401107
ENSG00000153317	8	131064353	131455906
ENSG00000254349	8	75512010	75735548
ENSG00000137558	8	75736772	75767264
ENSG00000121005	8	75896750	75946793
ENSG00000164749	8	76320149	76479078
ENSG00000155897	8	131792547	132054672
ENSG00000091656	8	77593454	77779521
ENSG00000132294	8	132916335	133025889
ENSG00000258417	8	133036467	133097902
ENSG00000253117	8	133036467	133071627
ENSG00000132297	8	133073733	133123406
ENSG00000164751	8	77892494	77913280
ENSG00000171033	8	79428374	79517502
ENSG00000104427	8	79578282	79632000
ENSG00000104432	8	79587978	79717758
ENSG00000104435	8	80523049	80578410
ENSG00000184156	8	133133108	133493200
ENSG00000129295	8	133584320	133687838
ENSG00000164683	8	80676245	80680098
ENSG00000165071	8	133697253	133772958
ENSG00000147586	8	80830952	80942524
ENSG00000129292	8	133787618	133861052
ENSG00000076554	8	80870571	81143467
ENSG00000042832	8	133879203	134147147
ENSG00000205189	8	81397854	81438500
ENSG00000164684	8	81540686	81787016
ENSG00000076641	8	81880045	82024303
ENSG00000164687	8	82192598	82197012
ENSG00000155926	8	134048973	134115298
ENSG00000147588	8	82352561	82359758
ENSG00000205186	8	82370576	82373814
ENSG00000170323	8	82390654	82395498
ENSG00000197416	8	82437216	82443613
ENSG00000104415	8	134203282	134242587
ENSG00000133731	8	82570196	82598928
ENSG00000104419	8	134249414	134314265
ENSG00000253598	8	82605842	82608409
ENSG00000104231	8	82613569	82645138
ENSG00000164695	8	82644669	82671750
ENSG00000104497	8	82711816	82755101
ENSG00000008513	8	134467091	134584183
ENSG00000184672	8	85095022	85834079
ENSG00000066827	8	135490031	135725292
ENSG00000133739	8	86019382	86058311
ENSG00000133740	8	86089460	86129387
ENSG00000131773	8	136469700	136668965
ENSG00000147724	8	139142266	139509065
ENSG00000169436	8	139600478	139926249
ENSG00000169427	8	140613081	140715299
ENSG00000167632	8	140742586	141468678
ENSG00000250733	8	140943416	140946190
ENSG00000104472	8	141521397	141527236
