ENSG00000229207	9	34318405	34319653
ENSG00000207032	9	34389941	34390049
ENSG00000251697	9	34478620	34478903
ENSG00000230729	9	34521525	34524239
ENSG00000232983	9	34546522	34546994
ENSG00000237159	9	34568013	34582827
ENSG00000261215	9	34661900	34666026
ENSG00000230074	9	34665662	34681295
ENSG00000257198	9	34832292	34838583
ENSG00000187791	9	34889061	34895775
ENSG00000178723	9	34917172	34918293
ENSG00000215199	9	34922181	34922918
ENSG00000233148	9	35010700	35011282
ENSG00000241568	9	35049268	35049558
ENSG00000234181	9	35096375	35098138
ENSG00000215198	9	35147407	35149181
ENSG00000179766	9	35406752	35483026
ENSG00000244213	9	35449745	35450349
ENSG00000235619	9	35507561	35507870
ENSG00000227852	9	35592783	35592948
ENSG00000263892	9	35608091	35608156
ENSG00000231393	9	35642511	35643514
ENSG00000227933	9	35646267	35647096
ENSG00000269900	9	35657748	35658015
ENSG00000243136	9	35671773	35672039
ENSG00000228843	9	35756709	35757937
ENSG00000227388	9	35772160	35790429
ENSG00000263448	9	35811473	35811547
ENSG00000236083	9	35859059	35859980
ENSG00000233659	9	35874807	35875191
ENSG00000235387	9	35909480	35911683
ENSG00000231518	9	35930009	35937148
ENSG00000225639	9	35943207	35943931
ENSG00000213866	9	35971341	35972315
ENSG00000179443	9	35991333	35992282
ENSG00000273463	9	36002993	36003660
ENSG00000228307	9	36013181	36014130
ENSG00000236110	9	36021689	36022110
ENSG00000222760	9	36267780	36267919
ENSG00000215283	9	36303496	36304921
ENSG00000266255	9	36823536	36823596
ENSG00000170122	9	116237	118417
ENSG00000258885	9	36856552	36861372
ENSG00000264922	9	36864251	36864305
ENSG00000265368	9	36893459	36893528
ENSG00000250850	9	37002694	37008037
ENSG00000125385	9	37046832	37047234
ENSG00000232920	9	37073528	37075789
ENSG00000260100	9	37078810	37079773
ENSG00000233137	9	37079893	37090398
ENSG00000237306	9	94789780	94790106
ENSG00000232179	9	94871140	94871271
ENSG00000233242	9	37112545	37115487
ENSG00000228069	9	94871295	94872377
ENSG00000200502	9	37160134	37160234
ENSG00000228292	9	37205109	37205365
ENSG00000216070	9	37296020	37296101
ENSG00000206784	9	37322256	37322368
ENSG00000238288	9	94872450	94872796
ENSG00000224648	9	37383175	37384431
ENSG00000236156	9	37434174	37434583
ENSG00000264255	9	37459392	37459706
ENSG00000187988	9	37477146	37478314
ENSG00000230188	9	37490418	37490890
ENSG00000234160	9	37509147	37510296
ENSG00000233111	9	37636685	37637290
ENSG00000171448	9	125677845	125693779
ENSG00000201287	9	37661744	37662046
ENSG00000232454	9	37836041	37836391
ENSG00000240791	9	94872857	94873150
ENSG00000226055	9	37878113	37879490
ENSG00000213839	9	37885680	37886387
ENSG00000251745	9	37936704	37936765
ENSG00000200026	9	38147425	38147558
ENSG00000227321	9	94873147	94874179
ENSG00000238313	9	38190404	38190504
ENSG00000223716	9	38360424	38376427
ENSG00000225254	9	38452779	38454067
ENSG00000215165	9	38478468	38479347
ENSG00000229511	9	38486856	38488335
ENSG00000237487	9	38504444	38505479
ENSG00000243085	9	38526828	38527029
ENSG00000176007	9	38527094	38527909
ENSG00000273036	9	38540564	38542762
ENSG00000259898	9	38542311	38542566
ENSG00000272934	9	38542386	38543212
ENSG00000272904	9	38542476	38568419
ENSG00000250989	9	38543101	38543443
ENSG00000225345	9	38566257	38568208
ENSG00000204860	9	38620471	38624987
ENSG00000234537	9	94894680	94900911
ENSG00000237557	9	38643039	38643765
ENSG00000252725	9	38680003	38680101
ENSG00000228467	9	38804004	38851913
ENSG00000234680	9	39016966	39039591
ENSG00000226625	9	39154072	39155476
ENSG00000271454	9	39159068	39160316
ENSG00000243695	9	39173791	39174510
ENSG00000264912	9	39191097	39191355
ENSG00000223758	9	39368376	39368790
ENSG00000215112	9	39371062	39376913
ENSG00000224038	9	39384503	39405302
ENSG00000011454	9	125703112	125867145
ENSG00000231140	9	39395734	39397403
ENSG00000198416	9	39443804	39464526
ENSG00000241536	9	39485380	39485866
ENSG00000268819	9	39631025	39632395
ENSG00000230281	9	39651897	39652392
ENSG00000225511	9	94903580	94922396
ENSG00000225995	9	39654198	39655518
ENSG00000266087	9	39720399	39720657
ENSG00000225529	9	39722430	39817308
ENSG00000249336	9	39722432	39817308
ENSG00000226368	9	39860052	39860359
ENSG00000236584	9	39897660	39897987
ENSG00000225597	9	39900346	39906219
ENSG00000228534	9	39925026	39926970
ENSG00000234375	9	40063116	40085739
ENSG00000238996	9	94907365	94907468
ENSG00000185020	9	40293025	40339528
ENSG00000233628	9	40371838	40394460
ENSG00000236717	9	94912664	94919727
ENSG00000236247	9	40479776	40481177
ENSG00000188394	9	125796806	125797975
ENSG00000215142	9	40491622	40633282
ENSG00000172785	9	121041	188979
ENSG00000224809	9	94933523	94935776
ENSG00000236115	9	94967638	94972440
ENSG00000239183	9	95054743	95054875
ENSG00000265605	9	40516806	40517064
ENSG00000235283	9	40704468	40713709
ENSG00000229530	9	95101940	95103945
ENSG00000241341	9	40712985	40713384
ENSG00000204844	9	40715662	40722679
ENSG00000236361	9	40740776	40742447
ENSG00000236931	9	40812916	40813390
ENSG00000243268	9	41028804	41030086
ENSG00000236742	9	41031936	41032439
ENSG00000268342	9	41054827	41056158
ENSG00000229471	9	41214067	41217717
ENSG00000264158	9	95290266	95290340
ENSG00000225551	9	95301335	95301466
ENSG00000223781	9	41277733	41298538
ENSG00000213669	9	95439225	95439689
ENSG00000228858	9	41285357	41287306
ENSG00000231757	9	41306133	41311985
ENSG00000231391	9	41313945	41323179
ENSG00000234138	9	41418937	41433320
ENSG00000237625	9	41475787	41476094
ENSG00000243935	9	41504853	41514094
ENSG00000234407	9	41516046	41523018
ENSG00000227084	9	41529583	41550381
ENSG00000198566	9	41588823	41609544
ENSG00000229707	9	41630397	41630883
ENSG00000269692	9	41776064	41777434
ENSG00000231511	9	41796924	41797395
ENSG00000234720	9	41799259	41800556
ENSG00000226108	9	41879688	41880646
ENSG00000232239	9	41884765	41886211
ENSG00000229273	9	41954580	41955037
ENSG00000204837	9	41961615	42019580
ENSG00000264356	9	42031881	42032162
ENSG00000252724	9	42037464	42037558
ENSG00000232798	9	42037568	42037913
ENSG00000184961	9	42128839	42129419
ENSG00000165209	9	125871779	126030855
ENSG00000187984	9	95571670	95650975
ENSG00000237846	9	42250840	42251545
ENSG00000230804	9	42266980	42267558
ENSG00000228136	9	42275939	42298165
ENSG00000236966	9	42276765	42277236
ENSG00000225679	9	42312410	42316345
ENSG00000228871	9	42332815	42338938
ENSG00000233207	9	42363048	42367092
ENSG00000212441	9	42378941	42379047
ENSG00000234812	9	42436293	42436520
ENSG00000231390	9	42438100	42438973
ENSG00000223839	9	42466317	42474239
ENSG00000224681	9	42478013	42478478
ENSG00000227069	9	42491162	42492070
ENSG00000232433	9	42493617	42494809
ENSG00000266353	9	42579907	42579973
ENSG00000225380	9	42751727	42752381
ENSG00000224567	9	42779314	42779707
ENSG00000183784	9	213108	215893
ENSG00000225433	9	42779843	42779998
ENSG00000230455	9	42808660	42812274
ENSG00000184906	9	42845768	42859085
ENSG00000156750	9	42858072	42876505
ENSG00000269225	9	43007105	43008297
ENSG00000269788	9	43009842	43010747
ENSG00000233244	9	43027748	43032877
ENSG00000234416	9	43062929	43063757
ENSG00000232863	9	43065382	43065609
ENSG00000237587	9	43102670	43113526
ENSG00000238415	9	43122799	43122905
ENSG00000233074	9	43140537	43142739
ENSG00000224303	9	43144980	43160008
ENSG00000234344	9	43162901	43169024
ENSG00000252772	9	95583259	95583361
ENSG00000226721	9	95599108	95599950
ENSG00000236322	9	43184068	43189411
ENSG00000197805	9	43313699	43314502
ENSG00000224828	9	43318619	43319576
ENSG00000229489	9	43399987	43401315
ENSG00000223512	9	43403148	43403646
ENSG00000269474	9	43425713	43427044
ENSG00000239986	9	43617727	43618056
ENSG00000266425	9	43802781	43803039
ENSG00000270909	9	43830636	43835037
ENSG00000237207	9	43838621	43840027
ENSG00000213816	9	43997830	43998733
ENSG00000148204	9	126118449	126142603
ENSG00000229079	9	44011053	44011839
ENSG00000226668	9	95644849	95661890
ENSG00000230635	9	44019596	44020591
ENSG00000229146	9	44046989	44047817
ENSG00000170165	9	44051024	44069881
ENSG00000236816	9	44076368	44118444
ENSG00000238529	9	44107813	44107919
ENSG00000224537	9	44147906	44154014
ENSG00000204818	9	44170447	44175727
ENSG00000233424	9	44256580	44263319
ENSG00000216829	9	44302232	44303807
ENSG00000232843	9	95655980	95656787
ENSG00000230245	9	44333923	44334382
ENSG00000204816	9	44343366	44345689
ENSG00000188101	9	95675438	95683842
ENSG00000229311	9	44384585	44391705
ENSG00000237357	9	44401766	44404440
ENSG00000227924	9	44471985	44473415
ENSG00000227353	9	44477549	44478456
ENSG00000234861	9	44558938	44560285
ENSG00000223664	9	44562093	44562588
ENSG00000268234	9	44584983	44586314
ENSG00000223446	9	95857221	95857811
ENSG00000228920	9	44672800	44676450
ENSG00000231248	9	44823714	44835521
ENSG00000238933	9	44850221	44850332
ENSG00000231454	9	44873417	44874226
ENSG00000170152	9	44998000	44998719
ENSG00000204805	9	44997777	44999352
ENSG00000235659	9	45001907	45003117
ENSG00000203364	9	95909322	95910838
ENSG00000223379	9	45004879	45023236
ENSG00000200570	9	96137838	96137949
ENSG00000238749	9	45019792	45019903
ENSG00000201074	9	96180137	96180248
ENSG00000229697	9	45034957	45047145
ENSG00000237385	9	96192624	96193581
ENSG00000231527	9	45108392	45112532
ENSG00000227603	9	96197614	96199403
ENSG00000231838	9	45164578	45212501
ENSG00000234299	9	45363481	45363852
ENSG00000235130	9	45375910	45377188
ENSG00000235037	9	45393845	45415976
ENSG00000236157	9	45424050	45424634
ENSG00000232116	9	45484572	45488153
ENSG00000263875	9	96327975	96328082
ENSG00000187060	9	45562979	45563576
ENSG00000265347	9	96581639	96581703
ENSG00000231990	9	96619365	96620615
ENSG00000227569	9	45656241	45656586
ENSG00000235601	9	96717879	96721422
ENSG00000264628	9	45661987	45662268
ENSG00000229523	9	45729709	45730417
ENSG00000227666	9	96800312	96800627
ENSG00000184879	9	45733441	45734160
ENSG00000231517	9	45737473	45738490
ENSG00000238930	9	45755239	45755350
ENSG00000228243	9	45949232	45949823
ENSG00000269946	9	96928571	96962909
ENSG00000225812	9	46042425	46042722
ENSG00000252617	9	46042781	46042875
ENSG00000264967	9	46048172	46048453
ENSG00000235938	9	46113699	46114039
ENSG00000228617	9	46117172	46117907
ENSG00000226129	9	46117312	46117651
ENSG00000234725	9	46121006	46121348
ENSG00000238413	9	46141564	46141675
ENSG00000199165	9	96938234	96938325
ENSG00000227490	9	46169973	46170336
ENSG00000225353	9	46270841	46274928
ENSG00000199072	9	96938629	96938715
ENSG00000269929	9	96938740	96940174
ENSG00000224937	9	46334292	46334508
ENSG00000231481	9	46359242	46380257
ENSG00000230262	9	96938884	96966850
ENSG00000239090	9	46362605	46362716
ENSG00000226546	9	46382965	46383307
ENSG00000204813	9	46387012	46387222
ENSG00000107099	9	214854	465259
ENSG00000224615	9	46390070	46390277
ENSG00000119522	9	126141933	126692431
ENSG00000231995	9	46577620	46578220
ENSG00000199133	9	96941116	96941202
ENSG00000231212	9	46661242	46662837
ENSG00000236450	9	46669135	46669441
ENSG00000252133	9	46669492	46669586
ENSG00000238792	9	96995760	96995863
ENSG00000263901	9	46674882	46675163
ENSG00000252723	9	97007971	97008041
ENSG00000237679	9	97049981	97050832
ENSG00000204802	9	46685429	46688137
ENSG00000232063	9	97094758	97123230
ENSG00000224815	9	97100629	97101015
ENSG00000224245	9	97258557	97275161
ENSG00000227449	9	46687462	46746500
ENSG00000233651	9	46698472	46705305
ENSG00000226429	9	46706671	46706979
ENSG00000224603	9	46755557	46755935
ENSG00000204801	9	46786249	46787634
ENSG00000232827	9	46826492	46833319
ENSG00000226007	9	46843638	46846025
ENSG00000202445	9	97270020	97270126
ENSG00000231806	9	97317351	97330409
ENSG00000212951	9	46842616	46844326
ENSG00000252153	9	97572244	97572339
ENSG00000230815	9	97586554	97587055
ENSG00000234217	9	46912527	46913973
ENSG00000236095	9	97662711	97667036
ENSG00000224764	9	97690833	97697228
ENSG00000236825	9	46918098	46919049
ENSG00000234451	9	46921026	46922100
ENSG00000241571	9	46998213	46999491
ENSG00000234276	9	47001334	47001835
ENSG00000235256	9	47021337	47022699
ENSG00000237132	9	47249606	47264801
ENSG00000203372	9	65467783	65469026
ENSG00000229746	9	65487273	65494248
ENSG00000235496	9	65496525	65496924
ENSG00000207563	9	97847490	97847586
ENSG00000207864	9	97847727	97847823
ENSG00000207617	9	97848296	97848376
ENSG00000229065	9	97875990	97876743
ENSG00000237792	9	65585692	65661972
ENSG00000106689	9	126763949	126795580
ENSG00000231379	9	65696702	65725786
ENSG00000223849	9	97885803	97886150
ENSG00000251884	9	97904731	97904823
ENSG00000238746	9	97934777	97934880
ENSG00000233022	9	65880533	65883885
ENSG00000230221	9	98054620	98057092
ENSG00000271384	9	98169272	98169944
ENSG00000237086	9	65973177	65974604
ENSG00000213761	9	98175549	98175731
ENSG00000237191	9	65978720	65979683
ENSG00000237857	9	98177116	98189078
ENSG00000271314	9	98257206	98257661
ENSG00000243382	9	66058843	66060121
ENSG00000223449	9	66061968	66062463
ENSG00000242301	9	66081972	66083332
ENSG00000237869	9	66342521	66343121
ENSG00000233414	9	66345261	66346161
ENSG00000271155	9	98268517	98269918
ENSG00000233171	9	66358548	66359282
ENSG00000235327	9	66366966	66367990
ENSG00000234430	9	66394412	66395279
ENSG00000235003	9	66396886	66397113
ENSG00000271659	9	98276327	98276802
ENSG00000238113	9	66457285	66469310
ENSG00000229345	9	98361827	98368568
ENSG00000202474	9	66458144	66458262
ENSG00000203438	9	66473375	66473673
ENSG00000229422	9	66493572	66494196
ENSG00000184523	9	66499743	66499994
ENSG00000237451	9	66500642	66501008
ENSG00000228142	9	98412436	98478000
ENSG00000238245	9	66513032	66514308
ENSG00000234665	9	66513488	66553911
ENSG00000227358	9	98415194	98415548
ENSG00000227582	9	66516697	66520781
ENSG00000219693	9	66544359	66545745
ENSG00000170161	9	66553273	66555928
ENSG00000227318	9	66664325	66665950
ENSG00000228991	9	66693277	66721073
ENSG00000206946	9	66712628	66712734
ENSG00000230857	9	66720898	66759372
ENSG00000107104	9	470291	746105
ENSG00000175611	9	98521513	98638259
ENSG00000270092	9	66836662	66836791
ENSG00000238638	9	66858537	66858612
ENSG00000264898	9	66861461	66861543
ENSG00000244081	9	66930569	66930965
ENSG00000235355	9	66951142	66951845
ENSG00000234320	9	66954107	66954749
ENSG00000198312	9	66960613	66964189
ENSG00000182021	9	67017400	67032072
ENSG00000252847	9	98622186	98622298
ENSG00000176115	9	67032331	67048373
ENSG00000199202	9	98667287	98667423
ENSG00000237631	9	98680418	98680986
ENSG00000225194	9	98782014	98790247
ENSG00000265285	9	67094933	67094999
ENSG00000265601	9	67225386	67225452
ENSG00000237212	9	98857493	98864194
ENSG00000186466	9	67272038	67289492
ENSG00000119408	9	127019885	127115586
ENSG00000201938	9	98865361	98865456
ENSG00000228522	9	67285298	67298632
ENSG00000237238	9	67327775	67334983
ENSG00000137090	9	841690	969090
ENSG00000223408	9	67579807	67583159
ENSG00000224546	9	98908289	98910138
ENSG00000199432	9	67764522	67764633
ENSG00000265367	9	98998105	98998204
ENSG00000170217	9	67785634	67786684
ENSG00000232283	9	99008744	99012675
ENSG00000207276	9	99018498	99018601
ENSG00000229198	9	67789326	67789530
ENSG00000238251	9	99169566	99170079
ENSG00000233172	9	67789674	67789866
ENSG00000236233	9	67792167	67794649
ENSG00000240165	9	67858947	67859228
ENSG00000252878	9	67864533	67864627
ENSG00000223983	9	67864636	67864981
ENSG00000064218	9	976964	991731
ENSG00000238397	9	67937393	67937499
ENSG00000233555	9	68176988	68177568
ENSG00000234042	9	68298799	68299489
ENSG00000268951	9	68315598	68316175
ENSG00000224267	9	68324611	68340644
ENSG00000225360	9	68325436	68325907
ENSG00000228656	9	68357280	68358558
ENSG00000224848	9	99449338	99483403
ENSG00000226020	9	68370604	68370975
ENSG00000233820	9	99488172	99489751
ENSG00000239684	9	68371626	68371877
ENSG00000269907	9	99672358	99672687
ENSG00000225411	9	68397878	68409893
ENSG00000227257	9	99681210	99681600
ENSG00000207277	9	68408924	68409041
ENSG00000232815	9	68413482	68414196
ENSG00000266017	9	68415308	68415388
ENSG00000215548	9	68427861	68455375
ENSG00000136930	9	127115745	127177723
ENSG00000263754	9	68512346	68512422
ENSG00000263614	9	68513105	68513187
ENSG00000236745	9	99717102	99717743
ENSG00000229789	9	68726629	68745997
ENSG00000173253	9	1050354	1057552
ENSG00000197214	9	99830031	99830910
ENSG00000204794	9	68741234	68809906
ENSG00000228376	9	99837953	99844227
ENSG00000266021	9	68997409	68997484
ENSG00000238919	9	69001999	69002081
ENSG00000239070	9	69002239	69002321
ENSG00000233961	9	69065655	69084989
ENSG00000227558	9	69080240	69147854
ENSG00000228038	9	99855976	99856920
ENSG00000213612	9	99883941	99884771
ENSG00000159712	9	99918852	99983517
ENSG00000231242	9	69082536	69108793
ENSG00000180264	9	127213423	127239379
ENSG00000252721	9	99955205	99955307
ENSG00000237543	9	69146939	69149621
ENSG00000240907	9	69174213	69179458
ENSG00000238551	9	69392612	69392718
ENSG00000224185	9	69451764	69452598
ENSG00000242375	9	99957633	99959969
ENSG00000229156	9	69475237	69475614
ENSG00000224106	9	69477881	69478916
ENSG00000188801	9	99959537	99961910
ENSG00000224762	9	69485458	69486244
ENSG00000235832	9	69498582	69499487
ENSG00000235310	9	69501018	69502204
ENSG00000136931	9	127243516	127269709
ENSG00000264681	9	69587378	69587444
ENSG00000181997	9	69633978	69650004
ENSG00000225883	9	69718152	69721729
ENSG00000235932	9	69749821	69750173
ENSG00000203279	9	99962757	100000982
ENSG00000156755	9	69777099	69777953
ENSG00000239028	9	69821760	69821841
ENSG00000235494	9	99995483	99997296
ENSG00000271225	9	69823283	69823847
ENSG00000197550	9	69830288	69848759
ENSG00000223602	9	69891208	69901481
ENSG00000206804	9	69892787	69892893
ENSG00000224599	9	70083601	70087216
ENSG00000254876	9	100000731	100059596
ENSG00000236252	9	70113593	70124467
ENSG00000267085	9	70116128	70116383
ENSG00000204780	9	70143769	70144432
ENSG00000204778	9	70181520	70216621
ENSG00000148200	9	127279554	127533589
ENSG00000231701	9	70334349	70337925
ENSG00000235893	9	70348573	70349113
ENSG00000237904	9	70366921	70367319
ENSG00000204776	9	70394238	70395090
ENSG00000233765	9	70662044	70663084
ENSG00000223780	9	70727365	70734146
ENSG00000226904	9	70843567	70844228
ENSG00000234394	9	70921444	70945542
ENSG00000225337	9	70922309	70923361
ENSG00000224958	9	70970105	70972768
ENSG00000233178	9	71010609	71021416
ENSG00000229019	9	71041759	71044285
ENSG00000226337	9	71155952	71259358
ENSG00000234506	9	71158457	71161505
ENSG00000224025	9	71224041	71226900
ENSG00000236998	9	71403223	71404586
ENSG00000185585	9	127539437	127577164
ENSG00000236733	9	71437319	71458191
ENSG00000207000	9	71550789	71550895
ENSG00000270236	9	71722842	71723133
ENSG00000243888	9	72043164	72043637
ENSG00000229312	9	72087382	72109429
ENSG00000261447	9	72287665	72288629
ENSG00000225626	9	72433899	72435655
ENSG00000241174	9	72499279	72499566
ENSG00000136918	9	127615755	127620160
ENSG00000204706	9	72700732	72790804
ENSG00000222465	9	72803487	72803666
ENSG00000268364	9	72808913	72873782
ENSG00000236801	9	72832111	72832584
ENSG00000080503	9	2015342	2193624
ENSG00000239180	9	72926523	72926617
ENSG00000272232	9	73194081	73194377
ENSG00000136942	9	127620159	127624260
ENSG00000232086	9	73322963	73327779
ENSG00000223966	9	73340956	73345772
ENSG00000207935	9	73424891	73425000
ENSG00000224437	9	73531913	73532417
ENSG00000229814	9	74204517	74204849
ENSG00000271166	9	74419199	74419742
ENSG00000200922	9	74517371	74517466
ENSG00000198100	9	74576256	74576469
ENSG00000236060	9	74622797	74623052
ENSG00000136950	9	127624409	127640003
ENSG00000224820	9	74722734	74723228
ENSG00000235523	9	74872252	74872699
ENSG00000233933	9	74890369	74890889
ENSG00000252428	9	74914636	74914754
ENSG00000225434	9	74920346	74958126
ENSG00000255036	9	100000779	100139569
ENSG00000230003	9	75060670	75060885
ENSG00000225947	9	75085290	75085992
ENSG00000238402	9	75142152	75142255
ENSG00000236862	9	75270748	75271108
ENSG00000229753	9	75356068	75356533
ENSG00000236849	9	75486644	75489025
ENSG00000136935	9	127640646	127710771
ENSG00000228024	9	75657661	75671444
ENSG00000221110	9	75906036	75906143
ENSG00000221844	9	76089294	76090989
ENSG00000232590	9	76188531	76194414
ENSG00000236701	9	76263744	76264755
ENSG00000212454	9	76365888	76365993
ENSG00000223368	9	76485812	76488213
ENSG00000227809	9	76986447	76998446
ENSG00000224825	9	77100467	77114043
ENSG00000202217	9	77414811	77415138
ENSG00000270954	9	77419389	77419689
ENSG00000252159	9	77462422	77462517
ENSG00000252758	9	77472591	77472697
ENSG00000224297	9	77550092	77550612
ENSG00000203321	9	77567884	77611209
ENSG00000229587	9	77624744	77630952
ENSG00000200041	9	77796436	77796537
ENSG00000212316	9	77812987	77813093
ENSG00000235707	9	78016805	78017908
ENSG00000236376	9	78194585	78203464
ENSG00000238598	9	78291823	78291928
ENSG00000264310	9	78338661	78338746
ENSG00000234644	9	78339138	78339491
ENSG00000238826	9	78527369	78527465
ENSG00000231137	9	78901410	78902997
ENSG00000234618	9	79013615	79014502
ENSG00000233814	9	79034850	79035547
ENSG00000219149	9	79164198	79164687
ENSG00000241781	9	79186731	79186787
ENSG00000265488	9	79281002	79281087
ENSG00000225937	9	79379352	79402485
ENSG00000230335	9	79546177	79546982
ENSG00000236604	9	79585238	79585944
ENSG00000229857	9	79607015	79608024
ENSG00000232851	9	79655317	79655589
ENSG00000233526	9	79687016	79688211
ENSG00000232998	9	79791672	79792910
ENSG00000231373	9	80071211	80141613
ENSG00000228248	9	80195161	80195544
ENSG00000201711	9	80250119	80250225
ENSG00000173611	9	127704887	127905785
ENSG00000233457	9	80765448	80766109
ENSG00000222452	9	80780381	80780694
ENSG00000233947	9	80793179	80794428
ENSG00000254483	9	100000927	100008466
ENSG00000228781	9	80795130	80795609
ENSG00000254633	9	100038848	100058041
ENSG00000234819	9	80834036	80834273
ENSG00000221269	9	100125836	100125963
ENSG00000270627	9	81204074	81204455
ENSG00000237257	9	81356636	81357660
ENSG00000147852	9	2621834	2660053
ENSG00000226234	9	81651329	81652484
ENSG00000260995	9	81750337	81760589
ENSG00000186940	9	82006219	82006674
ENSG00000233086	9	82120719	82147257
ENSG00000228957	9	100148522	100158394
ENSG00000240979	9	82340984	82341236
ENSG00000270691	9	82465786	82466413
ENSG00000228174	9	100274988	100280118
ENSG00000238002	9	82477934	82481790
ENSG00000232494	9	82489611	82501593
ENSG00000260564	9	82503916	82506922
ENSG00000230945	9	82645494	82649470
ENSG00000236521	9	82971944	82975253
ENSG00000232981	9	83178486	83179545
ENSG00000225901	9	83179947	83180877
ENSG00000221581	9	83349157	83349244
ENSG00000234637	9	83397253	83397685
ENSG00000226798	9	83484673	83486210
ENSG00000231521	9	100396797	100398333
ENSG00000228375	9	84025194	84025545
ENSG00000214417	9	100461204	100463016
ENSG00000237072	9	84103223	84103752
ENSG00000233926	9	84304628	84391815
ENSG00000266608	9	100462516	100462607
ENSG00000207206	9	84340158	84340264
ENSG00000263404	9	84420911	84420996
ENSG00000252167	9	84500411	84500513
ENSG00000260677	9	100505490	100507217
ENSG00000200969	9	84503833	84503900
ENSG00000240632	9	84528352	84534841
ENSG00000119414	9	127908852	127952218
ENSG00000230846	9	84542936	84546283
ENSG00000236130	9	100568217	100572290
ENSG00000201830	9	100677972	100678078
ENSG00000236896	9	100748833	100749938
ENSG00000189357	9	84543398	84549913
ENSG00000212521	9	100794512	100794617
ENSG00000267559	9	84545141	84592004
ENSG00000224001	9	100996991	100997849
ENSG00000186788	9	84558474	84565009
ENSG00000229897	9	101369115	101370415
ENSG00000237770	9	84583753	84586985
ENSG00000231649	9	84672562	84678597
ENSG00000230360	9	84701070	84703683
ENSG00000168263	9	2717502	2730037
ENSG00000235377	9	84745667	84746547
ENSG00000228430	9	84887671	85179347
ENSG00000225085	9	85020103	85021154
ENSG00000136933	9	127962821	127996437
ENSG00000228046	9	85042265	85042940
ENSG00000228123	9	85046804	85047820
ENSG00000232749	9	85068260	85070140
ENSG00000233309	9	85358982	85359707
ENSG00000251776	9	85815855	85816143
ENSG00000080608	9	2720469	2844241
ENSG00000229109	9	85834246	85849157
ENSG00000251752	9	85890856	85891029
ENSG00000237529	9	85891291	85894414
ENSG00000238608	9	86067188	86067290
ENSG00000252256	9	86096182	86096252
ENSG00000199483	9	86211359	86211499
ENSG00000254473	9	86322509	86328293
ENSG00000226877	9	86444571	86452776
ENSG00000267026	9	101609511	101634697
ENSG00000231616	9	86446501	86483335
ENSG00000044574	9	127997132	128003609
ENSG00000207603	9	86584663	86584772
ENSG00000235298	9	86587148	86590692
ENSG00000229338	9	101652872	101654219
ENSG00000202523	9	86607847	86607948
ENSG00000227463	9	86678358	86709492
ENSG00000270166	9	86693499	86693772
ENSG00000233262	9	86893134	86905046
ENSG00000228095	9	87219026	87219344
ENSG00000226590	9	87774597	87774865
ENSG00000227412	9	88107494	88109009
ENSG00000234424	9	88368221	88401490
ENSG00000270412	9	101705619	101706057
ENSG00000252942	9	101908122	101908248
ENSG00000229454	9	88370957	88380027
ENSG00000227269	9	101945655	101947173
ENSG00000240235	9	101947868	101948148
ENSG00000222337	9	102046304	102046655
ENSG00000230303	9	88400637	88408395
ENSG00000165121	9	88430881	88464426
ENSG00000213711	9	88513818	88514631
ENSG00000255815	9	102067394	102068893
ENSG00000231741	9	88549503	88551514
ENSG00000233713	9	88747537	88747766
ENSG00000270688	9	88843730	88843898
ENSG00000223012	9	88873273	88873561
ENSG00000214908	9	88989881	88990621
ENSG00000235819	9	89029197	89029485
ENSG00000222293	9	89037853	89038043
ENSG00000232211	9	89247062	89311411
ENSG00000226237	9	89563614	89616948
ENSG00000271086	9	102117619	102139522
ENSG00000269994	9	89623370	89657041
ENSG00000231007	9	89626567	89628066
ENSG00000224887	9	89699076	89700066
ENSG00000212421	9	89875365	89875500
ENSG00000234860	9	102293978	102299206
ENSG00000228373	9	90038549	90038808
ENSG00000219928	9	90140217	90140390
ENSG00000236709	9	90168369	90169374
ENSG00000237747	9	90356148	90356868
ENSG00000222408	9	90359816	90359908
ENSG00000188029	9	90387368	90401799
ENSG00000232743	9	90431380	90432885
ENSG00000237461	9	102348068	102582171
ENSG00000237743	9	90441402	90452140
ENSG00000255145	9	102648608	102668883
ENSG00000254571	9	102677359	102692178
ENSG00000234709	9	102760583	102761351
ENSG00000234575	9	90459067	90462229
ENSG00000080298	9	3218297	3526004
ENSG00000233884	9	90463028	90468357
ENSG00000214888	9	90471930	90474314
ENSG00000239908	9	102864841	102865119
ENSG00000234460	9	90479081	90481205
ENSG00000238172	9	102879037	102879933
ENSG00000270995	9	102882717	102883182
ENSG00000231697	9	102937460	102938336
ENSG00000230246	9	90529408	90538572
ENSG00000238110	9	90559191	90559938
ENSG00000271923	9	90613144	90613250
ENSG00000217716	9	90631215	90631708
ENSG00000225385	9	90681830	90682952
ENSG00000177910	9	90744220	90753361
ENSG00000263475	9	103157934	103158007
ENSG00000200966	9	103343361	103343661
ENSG00000237999	9	103493522	103494637
ENSG00000204429	9	90795588	90796362
ENSG00000229288	9	90802650	90805117
ENSG00000226327	9	90939369	90940254
ENSG00000252299	9	90989184	90989274
ENSG00000230161	9	103674602	103675023
ENSG00000227638	9	91025444	91026378
ENSG00000229541	9	103737950	103738964
ENSG00000231804	9	91099767	91100240
ENSG00000238143	9	103887718	103888203
ENSG00000203286	9	3452305	3469181
ENSG00000228189	9	91242104	91267075
ENSG00000253041	9	104084759	104084815
ENSG00000227411	9	104096366	104101629
ENSG00000265873	9	91360751	91360820
ENSG00000236763	9	104118748	104119126
ENSG00000225856	9	91585802	91586256
ENSG00000228658	9	91586553	91591213
ENSG00000231632	9	91624949	91625393
ENSG00000224945	9	91703519	91724849
ENSG00000265112	9	91927140	91927221
ENSG00000231799	9	92064473	92065669
ENSG00000225460	9	92087152	92087607
ENSG00000230328	9	104121214	104123524
ENSG00000264913	9	92112853	92112936
ENSG00000237372	9	92316566	92334585
ENSG00000234502	9	104137626	104138885
ENSG00000226206	9	92501142	92523200
ENSG00000236507	9	92503174	92504508
ENSG00000237626	9	92740564	92749768
ENSG00000270982	9	104212083	104212215
ENSG00000227555	9	92782936	92803781
ENSG00000263967	9	92785723	92785817
ENSG00000234910	9	92843579	92844851
ENSG00000185074	9	92978321	92979206
ENSG00000225072	9	92994467	92995423
ENSG00000225376	9	104230721	104243784
ENSG00000231107	9	93063184	93195787
ENSG00000229613	9	93225806	93345026
ENSG00000236316	9	93504808	93505662
ENSG00000270432	9	93513522	93514512
ENSG00000107249	9	3824127	4348392
ENSG00000228216	9	93719542	93727675
ENSG00000260454	9	93759336	93764153
ENSG00000233055	9	104263925	104264167
ENSG00000230537	9	93867239	93869586
ENSG00000229694	9	93881344	93945044
ENSG00000237422	9	93881420	93925369
ENSG00000265068	9	104311968	104312053
ENSG00000235641	9	93921855	93927858
ENSG00000230147	9	93931867	93932327
ENSG00000230302	9	104555736	104556038
ENSG00000273381	9	93968457	93972581
ENSG00000233081	9	94188520	94189426
ENSG00000228595	9	94373625	94374774
ENSG00000266855	9	94398533	94398643
ENSG00000227399	9	94768344	94768826
ENSG00000230418	9	104817534	104818023
ENSG00000238882	9	105018886	105018992
ENSG00000222117	9	105057659	105057746
ENSG00000235901	9	105277486	105280590
ENSG00000204250	9	105281918	105419796
ENSG00000232242	9	105373444	105374437
ENSG00000165219	9	128024073	128129486
ENSG00000234269	9	105684856	105685526
ENSG00000106688	9	4490444	4587469
ENSG00000229830	9	105827698	105827880
ENSG00000225564	9	105902805	106087316
ENSG00000226566	9	106124234	106192174
ENSG00000253031	9	106451755	106451859
ENSG00000270332	9	106842305	106855354
ENSG00000242111	9	107032509	107049236
ENSG00000203396	9	107090601	107091677
ENSG00000237443	9	107352325	107353231
ENSG00000273423	9	107392035	107393298
ENSG00000235248	9	107419035	107419997
ENSG00000188712	9	107484616	107485552
ENSG00000226334	9	107689834	107691173
ENSG00000230013	9	107753077	107754062
ENSG00000201583	9	107859037	107859342
ENSG00000238208	9	107944761	107949038
ENSG00000106686	9	4553386	4666674
ENSG00000229419	9	108282409	108288640
ENSG00000228317	9	108316316	108320310
ENSG00000228366	9	108472571	108473062
ENSG00000232486	9	108520445	108523036
ENSG00000228948	9	108611991	108613706
ENSG00000225002	9	108823635	108827106
ENSG00000205808	9	4662298	4665256
ENSG00000234323	9	109040673	109367076
ENSG00000229297	9	109346423	109354233
ENSG00000106993	9	4679559	4708398
ENSG00000237062	9	109377359	109378087
ENSG00000234229	9	109378339	109464943
ENSG00000200131	9	109442258	109442610
ENSG00000228143	9	109484631	109485211
ENSG00000119487	9	128199672	128469513
ENSG00000212276	9	109606030	109606147
ENSG00000230782	9	109737114	109865269
ENSG00000147853	9	4711155	4742043
ENSG00000231562	9	109741057	109741835
ENSG00000223615	9	109878065	109878235
ENSG00000225531	9	109879110	109879838
ENSG00000226047	9	109879740	109883986
ENSG00000226535	9	109931850	109933429
ENSG00000226825	9	110182565	110193083
ENSG00000263459	9	110195821	110195890
ENSG00000213558	9	110220319	110220587
ENSG00000199905	9	110237317	110237420
ENSG00000236005	9	110296671	110297443
ENSG00000120158	9	4792869	4885917
ENSG00000227350	9	110305432	110305897
ENSG00000202308	9	110425421	110425527
ENSG00000222558	9	110560025	110560128
ENSG00000244104	9	110573900	110574195
ENSG00000231293	9	110596790	110597110
ENSG00000233727	9	110616064	110616539
ENSG00000222459	9	110681147	110681259
ENSG00000236783	9	110725984	110726326
ENSG00000213557	9	110802494	110802873
ENSG00000269305	9	4859120	4859260
ENSG00000237360	9	110859712	110860131
ENSG00000230030	9	111014434	111017100
ENSG00000222512	9	111121132	111121209
ENSG00000169253	9	111389113	111389430
ENSG00000231678	9	111463650	111465372
ENSG00000231810	9	111583977	111584284
ENSG00000213556	9	111598613	111598877
ENSG00000201227	9	111754689	111754849
ENSG00000199331	9	111804666	111804767
ENSG00000167081	9	128509624	128729656
ENSG00000207698	9	111808509	111808578
ENSG00000200106	9	111958481	111958589
ENSG00000265647	9	112028557	112028655
ENSG00000237124	9	112062466	112063452
ENSG00000207329	9	112086965	112087076
ENSG00000263861	9	112273755	112273825
ENSG00000096968	9	4985033	5128183
ENSG00000213539	9	112295110	112296612
ENSG00000232939	9	112522640	112534323
ENSG00000228053	9	112787161	112787638
ENSG00000206658	9	113131872	113131978
ENSG00000212254	9	113301970	113302078
ENSG00000232896	9	113361755	113367499
ENSG00000223918	9	113489736	113489959
ENSG00000206923	9	113665617	113665725
ENSG00000207401	9	113696686	113696787
ENSG00000212409	9	113859605	113859693
ENSG00000227531	9	113901526	114047116
ENSG00000223238	9	114173924	114174022
ENSG00000224644	9	114336472	114337707
ENSG00000204173	9	114353872	114393569
ENSG00000224067	9	114565260	114565715
ENSG00000206907	9	114602108	114602214
ENSG00000266315	9	114694380	114694449
ENSG00000222356	9	114758915	114759019
ENSG00000259953	9	114794835	114800010
ENSG00000268155	9	5077163	5084580
ENSG00000222327	9	114900077	114900180
ENSG00000200261	9	114931566	114931677
ENSG00000225513	9	114935802	114936251
ENSG00000120210	9	5131979	5185668
ENSG00000242256	9	115004832	115005119
ENSG00000199525	9	115014538	115014658
ENSG00000243911	9	115034876	115035111
ENSG00000230081	9	115043258	115043615
ENSG00000213529	9	115124994	115125396
ENSG00000250068	9	115344059	115344870
ENSG00000120211	9	5231419	5235304
ENSG00000226609	9	115511182	115512736
ENSG00000271631	9	115647438	115648047
ENSG00000237906	9	115721414	115724541
ENSG00000196814	9	129089128	129269320
ENSG00000107014	9	5299868	5304969
ENSG00000228623	9	115759495	115774507
ENSG00000107018	9	5334969	5339873
ENSG00000225684	9	115865618	115873780
ENSG00000231528	9	115875353	115882208
ENSG00000107020	9	5357973	5437878
ENSG00000237073	9	116332470	116352299
ENSG00000233817	9	116381508	116384914
ENSG00000227482	9	116413236	116445135
ENSG00000214669	9	116521274	116521699
ENSG00000211556	9	116554638	116554719
ENSG00000232905	9	116612967	116613912
ENSG00000120217	9	5450503	5470566
ENSG00000207726	9	116971714	116971809
ENSG00000136944	9	129376722	129463311
ENSG00000235119	9	117159004	117160783
ENSG00000271214	9	117253844	117254021
ENSG00000238530	9	117327530	117327632
ENSG00000235797	9	117335181	117335651
ENSG00000201749	9	117377735	117377848
ENSG00000272241	9	117378827	117378895
ENSG00000230054	9	117418584	117424654
ENSG00000197646	9	5510545	5571282
ENSG00000230601	9	117428716	117434029
ENSG00000230284	9	117458202	117458595
ENSG00000169155	9	129567285	129600489
ENSG00000221734	9	117554474	117554546
ENSG00000229817	9	117607874	117610865
ENSG00000236461	9	117881818	117900688
ENSG00000234692	9	118014817	118016530
ENSG00000228714	9	118501942	118506518
ENSG00000204148	9	118650448	118687486
ENSG00000177125	9	129622944	129648157
ENSG00000228707	9	118774640	118775244
ENSG00000221772	9	118961269	118961358
ENSG00000226604	9	119048108	119051048
ENSG00000244757	9	119050897	119080968
ENSG00000216182	9	119155868	119155955
ENSG00000229105	9	119266562	119324572
ENSG00000230894	9	119330728	119348607
ENSG00000265662	9	119861286	119861385
ENSG00000230734	9	119942907	119943374
ENSG00000207268	9	119943345	119943479
ENSG00000107036	9	5629025	5776557
ENSG00000201140	9	119959397	119959699
ENSG00000222413	9	120039264	120039565
ENSG00000233516	9	120224572	120228538
ENSG00000233569	9	120410884	120419305
ENSG00000235133	9	120447532	120447866
ENSG00000201444	9	120470274	120470380
ENSG00000251847	9	120493653	120493749
ENSG00000228512	9	120545726	120630349
ENSG00000231901	9	120602600	120659534
ENSG00000234782	9	120845142	120845660
ENSG00000136828	9	129677053	129985445
ENSG00000225050	9	121450030	121468238
ENSG00000235201	9	121502841	121507590
ENSG00000231166	9	121526145	121526623
ENSG00000261432	9	122697331	122700110
ENSG00000225960	9	122735372	122736600
ENSG00000207814	9	123007257	123007328
ENSG00000238181	9	123482951	123484250
ENSG00000214654	9	123555829	123561848
ENSG00000270917	9	123574753	123575123
ENSG00000226752	9	123587106	123616651
ENSG00000099219	9	5765076	5833117
ENSG00000243738	9	123965437	123965712
ENSG00000214651	9	124000395	124002367
ENSG00000239593	9	124042141	124045008
ENSG00000235865	9	124043046	124047808
ENSG00000227355	9	124137519	124214455
ENSG00000204136	9	124207269	124262306
ENSG00000136859	9	129849611	129885162
ENSG00000240299	9	124256797	124257097
ENSG00000213467	9	124282095	124282703
ENSG00000252940	9	124302155	124302241
ENSG00000229854	9	124337170	124338493
ENSG00000261534	9	124577953	124581731
ENSG00000237548	9	124646915	124725998
ENSG00000266583	9	124882361	124882446
ENSG00000272317	9	125018212	125018309
ENSG00000264227	9	125061389	125061642
ENSG00000269979	9	125086887	125087594
ENSG00000270102	9	125093146	125093622
ENSG00000269970	9	125134884	125135104
ENSG00000233616	9	125163249	125165185
ENSG00000229245	9	125165686	125211256
ENSG00000231465	9	125233637	125238096
ENSG00000228914	9	125370315	125371079
ENSG00000234156	9	125372194	125401964
ENSG00000226783	9	125448212	125450651
ENSG00000232387	9	125524123	125524512
ENSG00000233425	9	125599836	125601099
ENSG00000136895	9	129986544	130155939
ENSG00000183354	9	5881596	6007901
ENSG00000212447	9	125642492	125642602
ENSG00000261094	9	125699902	125702612
ENSG00000222351	9	125708267	125708373
ENSG00000213216	9	125791652	125792032
ENSG00000225078	9	125824124	125825591
ENSG00000236901	9	125871773	125877756
ENSG00000207991	9	126164804	126164882
ENSG00000237336	9	126254163	126255435
ENSG00000222722	9	126347663	126347736
ENSG00000230826	9	126498716	126514220
ENSG00000229115	9	126521499	126522054
ENSG00000120215	9	5890802	5910606
ENSG00000234881	9	126605315	126605965
ENSG00000236668	9	126768556	126771675
ENSG00000231227	9	126772809	126773393
ENSG00000234921	9	126793903	126794803
ENSG00000235204	9	127021529	127023435
ENSG00000227200	9	127025155	127028088
ENSG00000264237	9	127112735	127112810
ENSG00000231149	9	127277217	127278335
ENSG00000231744	9	127360986	127361859
ENSG00000241246	9	127369438	127369735
ENSG00000224020	9	127420746	127460910
ENSG00000207595	9	127454721	127454830
ENSG00000207737	9	127455989	127456077
ENSG00000236643	9	127532402	127535206
ENSG00000137040	9	6011043	6015618
ENSG00000199313	9	127649689	127649828
ENSG00000264641	9	127659112	127659211
ENSG00000177736	9	127730573	127731223
ENSG00000232630	9	127912932	127913868
ENSG00000235332	9	127956928	127958100
ENSG00000239705	9	128003942	128019297
ENSG00000214593	9	128026124	128026369
ENSG00000200554	9	128066199	128066305
ENSG00000227845	9	128134604	128135045
ENSG00000243845	9	128275183	128275486
ENSG00000137033	9	6215805	6257983
ENSG00000227068	9	128329858	128335302
ENSG00000214761	9	128357948	128358907
ENSG00000229582	9	128506033	128508831
ENSG00000232413	9	128819859	128921892
ENSG00000228392	9	129032400	129038197
ENSG00000253079	9	129170320	129170689
ENSG00000252985	9	129189172	129189249
ENSG00000233721	9	129278696	129281087
ENSG00000226078	9	129289897	129292622
ENSG00000221768	9	129293194	129293270
ENSG00000221173	9	129338809	129338909
ENSG00000224842	9	129351873	129375979
ENSG00000238010	9	129403035	129403572
ENSG00000269909	9	129462577	129463312
ENSG00000266403	9	129480522	129480612
ENSG00000228487	9	129976314	129984186
ENSG00000170777	9	6328349	6331900
ENSG00000229369	9	130062372	130063261
ENSG00000271833	9	130129049	130129676
ENSG00000201302	9	130210780	130210909
ENSG00000200788	9	130233154	130233266
ENSG00000264329	9	130452966	130453074
ENSG00000266070	9	130548112	130548202
ENSG00000225032	9	130578345	130584799
ENSG00000222421	9	130594914	130595022
ENSG00000222296	9	130596230	130596321
ENSG00000147854	9	6413151	6507054
ENSG00000222455	9	130603391	130603501
ENSG00000257524	9	130630143	130649066
ENSG00000263979	9	130631694	130631774
ENSG00000227218	9	130696782	130703231
ENSG00000136856	9	130159421	130170703
ENSG00000230848	9	130801414	130819641
ENSG00000230536	9	130853248	130856736
ENSG00000269988	9	130870860	130871604
ENSG00000234771	9	130873450	130881013
ENSG00000207581	9	131007000	131007109
ENSG00000264823	9	131007226	131007309
ENSG00000221297	9	131019986	131020068
ENSG00000272960	9	131067440	131067794
ENSG00000273281	9	131068269	131068629
ENSG00000272696	9	131078616	131079188
ENSG00000223551	9	131104432	131105049
ENSG00000272593	9	131153740	131154295
ENSG00000207955	9	131154291	131155789
ENSG00000273186	9	131193877	131194285
ENSG00000228510	9	131206866	131208907
ENSG00000225951	9	131231236	131235291
ENSG00000264891	9	131239184	131239275
ENSG00000228395	9	131291180	131314689
ENSG00000238406	9	131306195	131306256
ENSG00000215066	9	6467618	6470375
ENSG00000227759	9	131413277	131414424
ENSG00000234705	9	131425413	131425857
ENSG00000178445	9	6532464	6645650
ENSG00000264438	9	131472059	131472318
ENSG00000223478	9	131486724	131495473
ENSG00000239055	9	131511637	131511740
ENSG00000267834	9	131766781	131767277
ENSG00000234055	9	131860133	131862545
ENSG00000221521	9	131869329	131869430
ENSG00000268707	9	131932713	131933219
ENSG00000268050	9	131938086	131939854
ENSG00000204055	9	131939050	131972827
ENSG00000220992	9	131992851	131992996
ENSG00000235007	9	132020633	132022125
ENSG00000241084	9	132021341	132023860
ENSG00000224307	9	132044737	132048007
ENSG00000179082	9	132083295	132087184
ENSG00000268615	9	132090540	132090680
ENSG00000233901	9	132094579	132121817
ENSG00000242281	9	132132452	132132740
ENSG00000236146	9	132142415	132142749
ENSG00000230676	9	132192931	132213701
ENSG00000226355	9	132200495	132201397
ENSG00000196152	9	130186661	130207651
ENSG00000264298	9	132240835	132240931
ENSG00000261334	9	132242884	132244817
ENSG00000204054	9	132245730	132275947
ENSG00000197958	9	130209953	130213684
ENSG00000239353	9	132264269	132275965
ENSG00000227619	9	132337688	132346835
ENSG00000216181	9	132353755	132353841
ENSG00000234789	9	132402755	132403561
ENSG00000236024	9	132475175	132480914
ENSG00000255824	9	132500629	132501902
ENSG00000233909	9	132553475	132554116
ENSG00000224988	9	132645972	132646449
ENSG00000230684	9	132695815	132698820
ENSG00000270755	9	132806992	132807360
ENSG00000223188	9	132883085	132883191
ENSG00000264169	9	133275653	133275950
ENSG00000238298	9	133325241	133325342
ENSG00000232172	9	133527186	133527770
ENSG00000224797	9	133600173	133600437
ENSG00000236658	9	133809238	133820907
ENSG00000252582	9	133896555	133896693
ENSG00000252622	9	134002377	134002478
ENSG00000236986	9	134008252	134042892
ENSG00000107077	9	6720863	7175648
ENSG00000148356	9	130213765	130265780
ENSG00000246851	9	134065297	134069592
ENSG00000226987	9	134116074	134117111
ENSG00000235284	9	134361052	134361137
ENSG00000231587	9	134365873	134365958
ENSG00000176868	9	134374796	134375537
ENSG00000230289	9	134391945	134397616
ENSG00000240853	9	134600556	134600854
ENSG00000231018	9	134657957	134658200
ENSG00000212395	9	134658247	134658345
ENSG00000236687	9	134691579	134696375
ENSG00000230940	9	134907273	134952977
ENSG00000221105	9	135090138	135090262
ENSG00000252521	9	135297028	135297077
ENSG00000224992	9	135644840	135645599
ENSG00000251723	9	135729205	135729269
ENSG00000263816	9	135821094	135821158
ENSG00000233800	9	135822456	135826943
ENSG00000234907	9	135837898	135838054
ENSG00000238558	9	135839119	135839180
ENSG00000196205	9	135894816	135896553
ENSG00000170827	9	135957926	135962742
ENSG00000238657	9	135968439	135968538
ENSG00000119440	9	136100292	136103993
ENSG00000175164	9	136125788	136150617
ENSG00000271875	9	136125788	136130950
ENSG00000136830	9	130267618	130341268
ENSG00000201843	9	136177953	136178046
ENSG00000204031	9	136184629	136185304
ENSG00000137038	9	7796490	7888380
ENSG00000201451	9	136204565	136204661
ENSG00000230064	9	136205827	136206302
ENSG00000206611	9	136216251	136216325
ENSG00000200831	9	136216950	136217023
ENSG00000199744	9	136217311	136217383
ENSG00000252542	9	136217702	136217767
ENSG00000261018	9	136476920	136498221
ENSG00000225756	9	136519708	136522435
ENSG00000256225	9	136627017	136628425
ENSG00000235106	9	136890561	136899788
ENSG00000235138	9	136919412	136923927
ENSG00000271525	9	136944026	136944566
ENSG00000273249	9	136997364	137000894
ENSG00000221676	9	137029561	137029686
ENSG00000273473	9	137033891	137034462
ENSG00000223729	9	137185777	137187243
ENSG00000263897	9	137271257	137271318
ENSG00000223795	9	137397318	137413288
ENSG00000228877	9	137419028	137437090
ENSG00000227150	9	137444584	137445743
ENSG00000204011	9	137541231	137544689
ENSG00000264877	9	137740819	137740966
ENSG00000265286	9	137741021	137741098
ENSG00000264744	9	137741144	137741215
ENSG00000265872	9	137741333	137741410
ENSG00000265848	9	137741455	137741528
ENSG00000266060	9	137741659	137741806
ENSG00000263507	9	137741837	137741914
ENSG00000264163	9	137741971	137742118
ENSG00000264136	9	137742123	137742202
ENSG00000266827	9	137742416	137742487
ENSG00000266514	9	137742588	137742653
ENSG00000232355	9	137760082	137760321
ENSG00000236403	9	137828997	137835041
ENSG00000227958	9	138096568	138129443
ENSG00000233936	9	138137542	138144554
ENSG00000235572	9	138244530	138246066
ENSG00000224682	9	138339292	138342000
ENSG00000225361	9	138354573	138372623
ENSG00000226706	9	138395119	138398293
ENSG00000221613	9	138420457	138420546
ENSG00000237339	9	138466781	138478958
ENSG00000136854	9	130374544	130457460
ENSG00000224045	9	138479848	138483821
ENSG00000236543	9	138506142	138507354
ENSG00000238058	9	138799658	138805359
ENSG00000260193	9	138999654	139001270
ENSG00000264527	9	139141824	139143051
ENSG00000263403	9	139414020	139414078
ENSG00000153707	9	8314246	10612723
ENSG00000227512	9	139437333	139438287
ENSG00000265181	9	139440625	139440711
ENSG00000237886	9	139440664	139444345
ENSG00000252440	9	139496967	139497062
ENSG00000228401	9	139543062	139554873
ENSG00000199161	9	139565054	139565138
ENSG00000221693	9	139588588	139588714
ENSG00000233016	9	139615818	139622636
ENSG00000224662	9	139674391	139674670
ENSG00000273066	9	139693675	139704494
ENSG00000272679	9	139694818	139723918
ENSG00000228544	9	139698379	139703300
ENSG00000213212	9	139707240	139709988
ENSG00000265806	9	139725409	139725475
ENSG00000266507	9	139781185	139781255
ENSG00000213590	9	139830292	139831613
ENSG00000260190	9	139831621	139832440
ENSG00000238268	9	139869546	139871433
ENSG00000235117	9	139931492	139932407
ENSG00000236394	9	139947226	139947826
ENSG00000229257	9	139952115	139956913
ENSG00000231864	9	139957987	139959033
ENSG00000199411	9	139988797	139988882
ENSG00000238824	9	140017961	140018060
ENSG00000261793	9	140063306	140066436
ENSG00000263697	9	140063638	140063722
ENSG00000270259	9	140180557	140180848
ENSG00000260996	9	140188320	140190173
ENSG00000272272	9	140315596	140315690
ENSG00000263933	9	140440200	140440285
ENSG00000233998	9	140535438	140535999
ENSG00000255585	9	140682117	140683139
ENSG00000207693	9	140732871	140732968
ENSG00000203987	9	140762377	140787022
ENSG00000229926	9	141031547	141038316
ENSG00000159247	9	141044565	141071821
ENSG00000187024	9	130455257	130487152
ENSG00000237419	9	141090383	141093775
ENSG00000233013	9	141106637	141143444
ENSG00000223256	9	141150045	141150148
ENSG00000160401	9	130469268	130478281
ENSG00000107165	9	12685439	12710290
ENSG00000167094	9	130478345	130493879
ENSG00000153714	9	12775020	12822130
ENSG00000160404	9	130493803	130497604
ENSG00000095370	9	130500596	130541020
ENSG00000136807	9	130547958	130553066
ENSG00000107186	9	13105703	13279589
ENSG00000136877	9	130556876	130576606
ENSG00000106991	9	130577291	130617035
ENSG00000147862	9	14081842	14398982
ENSG00000106992	9	130628759	130640022
ENSG00000175893	9	14611069	14693469
ENSG00000147869	9	14719722	14722715
ENSG00000160408	9	130647600	130667687
ENSG00000164946	9	14734664	14910993
ENSG00000136840	9	130670165	130679317
ENSG00000155158	9	15163620	15307358
ENSG00000167103	9	130683158	130693076
ENSG00000136908	9	130697378	130700763
ENSG00000167106	9	130702858	130742792
ENSG00000164975	9	15422702	15465951
ENSG00000171169	9	130823512	130830485
ENSG00000148339	9	130830480	130871524
ENSG00000164985	9	15464064	15511017
ENSG00000148334	9	130882972	130890741
ENSG00000164989	9	15552895	16061661
ENSG00000232850	9	130890612	130891481
ENSG00000148346	9	130911350	130915734
ENSG00000205549	9	16203933	16276311
ENSG00000171159	9	130922539	130926207
ENSG00000173068	9	16409501	16870841
ENSG00000044459	9	17134980	17503921
ENSG00000148337	9	130928343	130966662
ENSG00000107295	9	17579080	17797127
ENSG00000178031	9	18473892	18910948
ENSG00000155875	9	18927656	19033251
ENSG00000155876	9	19049372	19051019
ENSG00000106976	9	130965658	131017527
ENSG00000147874	9	19053141	19103117
ENSG00000147872	9	19108373	19149288
ENSG00000167110	9	131018108	131038274
ENSG00000137145	9	19230433	19374139
ENSG00000175854	9	131037658	131051269
ENSG00000268211	9	131062367	131064212
ENSG00000167112	9	131071382	131085021
ENSG00000167113	9	131084815	131096351
ENSG00000137154	9	19375713	19380252
ENSG00000177076	9	19408925	19452018
ENSG00000155886	9	19507450	19786926
ENSG00000167114	9	131102925	131123749
ENSG00000171843	9	20341663	20622542
ENSG00000167118	9	131133598	131153015
ENSG00000167123	9	131174030	131199626
ENSG00000188352	9	20658308	20995954
ENSG00000136811	9	131217465	131263571
ENSG00000188921	9	20995306	21031635
ENSG00000171855	9	21077104	21077943
ENSG00000177047	9	21140631	21142144
ENSG00000137080	9	21165636	21166659
ENSG00000236637	9	21186617	21187598
ENSG00000214042	9	21201468	21202204
ENSG00000186803	9	21206180	21207142
ENSG00000147885	9	21216372	21217310
ENSG00000234829	9	21227242	21228221
ENSG00000228083	9	21239201	21239978
ENSG00000147873	9	21304613	21305312
ENSG00000198642	9	21329670	21335379
ENSG00000120235	9	21349834	21351377
ENSG00000233816	9	21367371	21368075
ENSG00000188379	9	21384254	21385396
ENSG00000120242	9	21409146	21410184
ENSG00000197919	9	21440440	21441315
ENSG00000184995	9	21480841	21482312
ENSG00000099810	9	21802542	21931646
ENSG00000119392	9	131266979	131304567
ENSG00000264545	9	21802635	22032985
ENSG00000224854	9	21967137	21967738
ENSG00000147889	9	21967751	21995300
ENSG00000147883	9	22002902	22009362
ENSG00000176399	9	22446840	22455739
ENSG00000107105	9	23690102	23826335
ENSG00000205442	9	24542950	24545944
ENSG00000198680	9	25676396	25678856
ENSG00000120159	9	26840683	26892802
ENSG00000137055	9	26904081	26947461
ENSG00000197694	9	131314866	131395941
ENSG00000096872	9	26947037	27062928
ENSG00000184434	9	26993134	27005691
ENSG00000120156	9	27109139	27230173
ENSG00000120160	9	27284656	27297137
ENSG00000120162	9	27325207	27529779
ENSG00000147896	9	27524312	27526496
ENSG00000147894	9	27546544	27573864
ENSG00000119333	9	131395940	131419066
ENSG00000174482	9	27948076	28670283
ENSG00000119335	9	131445703	131458679
ENSG00000122729	9	32384618	32454767
ENSG00000160447	9	131464802	131483197
ENSG00000107201	9	32455300	32526322
ENSG00000160446	9	131483148	131486406
ENSG00000160445	9	131492065	131534693
ENSG00000197579	9	32540542	32552551
ENSG00000165264	9	32552997	32573160
ENSG00000241043	9	32566787	32568619
ENSG00000107021	9	131549483	131572711
ENSG00000122728	9	32629452	32635667
ENSG00000188133	9	32783497	32787397
ENSG00000167136	9	131580753	131584956
ENSG00000198917	9	131581930	131592100
ENSG00000137074	9	32972604	33025166
ENSG00000171097	9	131595221	131644773
ENSG00000136802	9	131644391	131680318
ENSG00000086061	9	33025209	33039905
ENSG00000175287	9	131683174	131704320
ENSG00000122692	9	33041762	33076665
ENSG00000251184	9	131703757	131719300
ENSG00000175283	9	131707809	131709898
ENSG00000086062	9	33104080	33167354
ENSG00000095319	9	131709978	131769375
ENSG00000122711	9	33218363	33248565
ENSG00000107262	9	33247818	33264761
ENSG00000086065	9	33264940	33281977
ENSG00000148341	9	131769315	131790582
ENSG00000086102	9	33290509	33371155
ENSG00000148343	9	131798900	131834361
ENSG00000165269	9	33384765	33402643
ENSG00000167130	9	131843379	131852717
ENSG00000165272	9	33441152	33447609
ENSG00000095321	9	131857089	131873468
ENSG00000165271	9	33461439	33473928
ENSG00000230453	9	33524392	33573007
ENSG00000119383	9	131873229	131911225
ENSG00000205274	9	33617760	33618504
ENSG00000183938	9	33629119	33629584
ENSG00000229063	9	33638033	33638492
ENSG00000010438	9	33750515	33799230
ENSG00000107341	9	33817565	33920402
ENSG00000188483	9	131937835	131940540
ENSG00000148335	9	132371163	132398209
ENSG00000179058	9	132374504	132383055
ENSG00000148331	9	132399171	132404444
ENSG00000137073	9	33921691	34048947
ENSG00000167157	9	132427920	132484875
ENSG00000148344	9	132500610	132515326
ENSG00000136816	9	132565432	132573560
ENSG00000136827	9	132575223	132586413
ENSG00000136819	9	132589569	132598142
ENSG00000198876	9	34086385	34127397
ENSG00000136878	9	132596977	132644107
ENSG00000165006	9	34179003	34252521
ENSG00000187239	9	132649466	132805473
ENSG00000186638	9	34252379	34329198
ENSG00000164978	9	34329504	34343709
ENSG00000164976	9	34366668	34376851
ENSG00000164972	9	34379017	34397830
ENSG00000148358	9	132815705	132902448
ENSG00000164970	9	34398182	34458568
ENSG00000196979	9	132902889	132906498
ENSG00000107130	9	132934857	132999583
ENSG00000148357	9	133046882	133309510
ENSG00000122735	9	34457412	34520982
ENSG00000215428	9	133274029	133282639
ENSG00000130707	9	133320316	133376661
ENSG00000168913	9	34521038	34523039
ENSG00000122756	9	34551430	34590121
ENSG00000107164	9	133454352	133513739
ENSG00000164967	9	34610483	34612101
ENSG00000137100	9	34613548	34620515
ENSG00000130711	9	133539981	133558368
ENSG00000130713	9	133569108	133580248
ENSG00000205143	9	34621376	34628104
ENSG00000147955	9	34634719	34637806
ENSG00000097007	9	133589333	133763062
ENSG00000213930	9	34638130	34651032
ENSG00000188710	9	133768815	133769225
ENSG00000130720	9	133777825	133814673
ENSG00000050555	9	133884469	133969860
ENSG00000258728	9	34646642	34657110
ENSG00000137070	9	34650699	34661889
ENSG00000126878	9	133971863	133998539
ENSG00000213927	9	34661877	34664045
ENSG00000187186	9	34664160	34666109
ENSG00000126883	9	134000948	134110057
ENSG00000172724	9	34689564	34691274
ENSG00000137077	9	34709002	34710121
ENSG00000205108	9	34723052	34729464
ENSG00000122733	9	34957484	34982541
ENSG00000137094	9	34989638	34998897
ENSG00000174038	9	35041092	35045988
ENSG00000269510	9	35042390	35042824
ENSG00000126882	9	134133463	134151934
ENSG00000165280	9	35056061	35073246
ENSG00000160539	9	134165081	134184649
ENSG00000130723	9	134269480	134375584
ENSG00000221829	9	35073832	35080013
ENSG00000165282	9	35088685	35096591
ENSG00000130714	9	134378289	134399193
ENSG00000165283	9	35099888	35103154
ENSG00000005238	9	35104109	35116338
ENSG00000130717	9	134399188	134406655
ENSG00000198722	9	35161999	35405335
ENSG00000107263	9	134452157	134615461
ENSG00000160563	9	134735494	134955295
ENSG00000268482	9	35361056	35361262
ENSG00000198853	9	35490124	35561895
ENSG00000196358	9	135037334	135119921
ENSG00000215187	9	35561828	35563896
ENSG00000107140	9	35605367	35610038
ENSG00000107290	9	135136743	135230372
ENSG00000137101	9	35609530	35646807
ENSG00000137078	9	35649292	35650937
ENSG00000125482	9	135251008	135282209
ENSG00000159884	9	35658301	35661508
ENSG00000188523	9	135285430	135448704
ENSG00000125492	9	135457572	135465653
ENSG00000137135	9	35658872	35675863
ENSG00000125485	9	135468384	135545788
ENSG00000107159	9	35673853	35681156
ENSG00000198467	9	35681989	35691017
ENSG00000125484	9	135545422	135570342
ENSG00000165695	9	135600965	135754164
ENSG00000165698	9	135753414	135765588
ENSG00000165699	9	135766735	135820020
ENSG00000137076	9	35696945	35732392
ENSG00000165702	9	135820932	135867083
ENSG00000107175	9	35732332	35737001
ENSG00000148308	9	135906076	135933890
ENSG00000070610	9	35736863	35749983
ENSG00000170835	9	135937365	135947248
ENSG00000107185	9	35749203	35758572
ENSG00000215183	9	35752987	35756610
ENSG00000159899	9	35792151	35809729
ENSG00000160271	9	135973107	136039301
ENSG00000137098	9	35808042	35812269
ENSG00000137133	9	35812957	35815351
ENSG00000148288	9	136028340	136039332
ENSG00000171102	9	136080664	136084630
ENSG00000137103	9	35814448	35854844
ENSG00000148296	9	136197552	136203235
ENSG00000204930	9	35816388	35828744
ENSG00000148297	9	136205160	136214986
ENSG00000168828	9	35869375	35870461
ENSG00000196196	9	35906189	35907138
ENSG00000122718	9	35957105	35958151
ENSG00000243641	9	36002906	36003864
ENSG00000122707	9	36036430	36124448
ENSG00000148303	9	136215069	136218281
ENSG00000122694	9	36136732	36163910
ENSG00000185972	9	36169389	36171329
ENSG00000122705	9	36190853	36304778
ENSG00000148290	9	136218610	136223552
ENSG00000148291	9	136223428	136228045
ENSG00000159921	9	36214438	36277053
ENSG00000148248	9	136228325	136242970
ENSG00000198870	9	136243117	136271220
ENSG00000137075	9	36336393	36487545
ENSG00000148300	9	136271186	136283164
ENSG00000165304	9	36572859	36677678
ENSG00000160323	9	136279478	136324508
ENSG00000196092	9	36833272	37034103
ENSG00000160325	9	136325089	136335970
ENSG00000147905	9	37120536	37358146
ENSG00000160326	9	136336217	136344259
ENSG00000187616	9	136379708	136393734
ENSG00000197859	9	136397286	136440641
ENSG00000137106	9	37422663	37436987
ENSG00000196990	9	136444079	136451319
ENSG00000123454	9	136501482	136524466
ENSG00000168795	9	37438111	37465396
ENSG00000137054	9	37485932	37503694
ENSG00000123453	9	136528682	136605077
ENSG00000147912	9	37510889	37588871
ENSG00000256966	9	37512544	37592466
ENSG00000175768	9	37582643	37592639
ENSG00000255872	9	37588410	38068684
ENSG00000070601	9	37650997	37746901
ENSG00000160293	9	136627016	136857726
ENSG00000165275	9	37753804	37778969
ENSG00000107371	9	37766975	37801434
ENSG00000169925	9	136895427	136933657
ENSG00000122741	9	37800499	37867663
ENSG00000196363	9	137000487	137025093
ENSG00000122696	9	37879400	37904350
ENSG00000186350	9	137208944	137332431
ENSG00000107338	9	37919131	38069210
ENSG00000137124	9	38392661	38398658
ENSG00000137142	9	38408991	38424444
ENSG00000180071	9	38540566	38620657
ENSG00000130635	9	137533620	137736686
ENSG00000273170	9	38540566	38577204
ENSG00000106714	9	39072764	39288312
ENSG00000160339	9	137772654	137779924
ENSG00000085265	9	137801431	137809809
ENSG00000204849	9	39355699	39361956
ENSG00000204848	9	39884975	39891210
ENSG00000130558	9	137967268	138013025
ENSG00000227921	9	40028620	40032417
ENSG00000147926	9	40700291	40706537
ENSG00000196409	9	40760700	40836415
ENSG00000269408	9	138150512	138151275
ENSG00000178243	9	138235095	138238408
ENSG00000234214	9	41321107	41327364
ENSG00000196422	9	138370925	138380739
ENSG00000160345	9	138387027	138393580
ENSG00000233788	9	41500679	41506925
ENSG00000183148	9	42368303	42411410
ENSG00000122140	9	138391830	138396519
ENSG00000240240	9	42409989	42474239
ENSG00000160349	9	138413284	138418378
ENSG00000122136	9	138437985	138441815
ENSG00000215126	9	42668608	42714962
ENSG00000122133	9	138453602	138458801
ENSG00000204828	9	42717234	42720342
ENSG00000204007	9	138515502	138531386
ENSG00000132498	9	43064966	43133544
ENSG00000148386	9	138555168	138558268
ENSG00000165643	9	138585253	138591374
ENSG00000232866	9	43135095	43135514
ENSG00000185775	9	43624507	43630730
ENSG00000154529	9	43684902	43924049
ENSG00000107147	9	138594031	138684992
ENSG00000268708	9	44325916	44326077
ENSG00000212952	9	44400717	44402427
ENSG00000204814	9	44867571	44870528
ENSG00000154537	9	44990314	44991483
ENSG00000268578	9	45441273	45441542
ENSG00000182368	9	45727107	45728274
ENSG00000204807	9	45733559	45734896
ENSG00000237198	9	46385691	46387031
ENSG00000231997	9	46389110	46391556
ENSG00000236029	9	47295855	47314322
ENSG00000234734	9	65503363	65509610
ENSG00000232833	9	67784944	67786624
ENSG00000170215	9	67792938	67794111
ENSG00000233434	9	67924791	67925210
ENSG00000196774	9	67926761	67969840
ENSG00000130559	9	138700333	138799074
ENSG00000155282	9	67968793	67987998
ENSG00000204793	9	69199480	69202204
ENSG00000130560	9	138824815	138853226
ENSG00000204790	9	69204538	69269662
ENSG00000148411	9	138898383	138987131
ENSG00000238227	9	139006427	139010731
ENSG00000107187	9	139088096	139096955
ENSG00000165661	9	139098179	139137687
ENSG00000267845	9	139219089	139219640
ENSG00000160360	9	139221932	139254057
ENSG00000213221	9	139253932	139258241
ENSG00000196400	9	69252845	69254032
ENSG00000204788	9	69377902	69380597
ENSG00000172014	9	69381812	69425560
ENSG00000187796	9	139256355	139268133
ENSG00000176134	9	69650263	69660358
ENSG00000204779	9	70175707	70178815
ENSG00000184659	9	70426623	70429731
ENSG00000165684	9	139270029	139293249
ENSG00000165689	9	139296377	139305061
ENSG00000165688	9	139305110	139318213
ENSG00000148384	9	139323071	139334274
ENSG00000147996	9	70432004	70497240
ENSG00000148396	9	139334549	139372141
ENSG00000196366	9	139377947	139380518
ENSG00000148400	9	139388896	139440314
ENSG00000269337	9	70646589	70648956
ENSG00000172889	9	139553308	139567130
ENSG00000196873	9	70856397	70914929
ENSG00000169692	9	139567595	139581875
ENSG00000165716	9	139607022	139618502
ENSG00000204003	9	139632619	139642905
ENSG00000187922	9	139632619	139637808
ENSG00000228537	9	70866135	70866572
ENSG00000187559	9	70917276	70920000
ENSG00000267206	9	139638463	139642980
ENSG00000154330	9	70943224	71145977
ENSG00000204001	9	139648838	139652678
ENSG00000181778	9	71151496	71155783
ENSG00000177984	9	139654086	139660707
ENSG00000244187	9	139685807	139687709
ENSG00000272896	9	139685831	139695047
ENSG00000107242	9	71320575	71624092
ENSG00000213213	9	139690802	139702193
ENSG00000187866	9	71394964	71398609
ENSG00000165059	9	71627469	71629039
ENSG00000165060	9	71650175	71715094
ENSG00000196642	9	139702374	139735639
ENSG00000232434	9	139738867	139741797
ENSG00000054148	9	139743176	139745488
ENSG00000177943	9	139745395	139755249
ENSG00000119139	9	71736209	71870124
ENSG00000107223	9	139756571	139760738
ENSG00000127191	9	139776364	139821059
ENSG00000269295	9	71869331	71869642
ENSG00000159069	9	139834887	139839148
ENSG00000135063	9	71939488	72007371
ENSG00000107282	9	72042446	72287222
ENSG00000176919	9	139839698	139841426
ENSG00000188647	9	72324438	72374875
ENSG00000184925	9	139844003	139849949
ENSG00000204711	9	72435709	72521148
ENSG00000198454	9	139863695	139866442
ENSG00000107317	9	139871956	139879887
ENSG00000165072	9	72658497	72841886
ENSG00000214402	9	139876356	139880862
ENSG00000148362	9	139886870	139888436
ENSG00000198887	9	72873937	72969804
ENSG00000169583	9	139889087	139891255
ENSG00000119138	9	72999503	73029540
ENSG00000107331	9	139901686	139923367
ENSG00000180539	9	139921916	139931234
ENSG00000180549	9	139924626	139927462
ENSG00000107281	9	139933922	139940655
ENSG00000054179	9	139942550	139948497
ENSG00000083067	9	73143979	74061820
ENSG00000186193	9	139956581	139965040
ENSG00000197355	9	139971953	139978991
ENSG00000268996	9	139980807	139981121
ENSG00000177239	9	139981379	140003635
ENSG00000176978	9	140004994	140009629
ENSG00000135048	9	74298282	74431606
ENSG00000107362	9	74477368	74525847
ENSG00000155621	9	74526426	74600970
ENSG00000204669	9	74666292	74687733
ENSG00000119125	9	74729511	74872109
ENSG00000176884	9	140032842	140063207
ENSG00000107372	9	74966341	74980163
ENSG00000165091	9	75136717	75451267
ENSG00000184709	9	140063210	140064503
ENSG00000185863	9	140065310	140066861
ENSG00000176248	9	140069236	140082989
ENSG00000165092	9	75515578	75695358
ENSG00000176101	9	140083099	140084822
ENSG00000176058	9	140086069	140098645
ENSG00000187713	9	140098534	140100090
ENSG00000135046	9	75766673	75785309
ENSG00000188566	9	140100147	140111461
ENSG00000212864	9	140114707	140116033
ENSG00000197191	9	140119087	140120763
ENSG00000233198	9	140122018	140124090
ENSG00000198569	9	140125209	140131006
ENSG00000198963	9	77112281	77308093
ENSG00000188229	9	140135665	140138159
ENSG00000188163	9	140138036	140142222
ENSG00000197768	9	140145713	140147934
ENSG00000188986	9	140149625	140167998
ENSG00000198113	9	140172201	140177093
ENSG00000198435	9	140194083	140196703
ENSG00000187609	9	140201348	140317714
ENSG00000188747	9	140317802	140328858
ENSG00000119121	9	77337411	77503010
ENSG00000188833	9	140328816	140336268
ENSG00000135045	9	77561497	77567802
ENSG00000156017	9	77595936	77643339
ENSG00000106733	9	77675489	77703133
ENSG00000165802	9	140342022	140353786
ENSG00000134996	9	77703459	77762181
ENSG00000099139	9	78505560	78977255
ENSG00000135002	9	79000433	79009433
ENSG00000187210	9	79034752	79122332
ENSG00000130653	9	140354404	140444986
ENSG00000182154	9	140445651	140447007
ENSG00000106772	9	79226292	79521003
ENSG00000148399	9	140449356	140473387
ENSG00000165724	9	140476531	140484942
ENSG00000204612	9	79634571	79635869
ENSG00000197070	9	140500106	140509812
ENSG00000203993	9	140509784	140513358
ENSG00000181090	9	140513444	140764468
ENSG00000197969	9	79792269	80036457
ENSG00000148408	9	140772241	141019076
ENSG00000236875	9	11987	14522
ENSG00000181404	9	14511	29739
ENSG00000156049	9	80037995	80263223
ENSG00000227518	9	27657	30891
ENSG00000218839	9	34394	35856
ENSG00000156052	9	80331003	80646374
ENSG00000144140	9	52452	73323
ENSG00000225655	9	72701	88826
ENSG00000227917	9	100804	102941
ENSG00000231808	9	112716	113754
ENSG00000235880	9	267966	273002
ENSG00000227155	9	454304	492112
ENSG00000235330	9	477750	478423
ENSG00000228115	9	487774	495610
ENSG00000264949	9	507258	507553
ENSG00000226403	9	547317	549531
ENSG00000202172	9	558826	558930
ENSG00000229875	9	659986	660326
ENSG00000227914	9	673478	685555
ENSG00000252991	9	1001858	1001963
ENSG00000228783	9	1011085	1011799
ENSG00000224836	9	1151807	1152140
ENSG00000236594	9	1164414	1164867
ENSG00000233575	9	1328664	1328987
ENSG00000202383	9	1333837	1333953
ENSG00000224092	9	1977784	1978547
ENSG00000236199	9	2041900	2046023
ENSG00000222973	9	2162763	2162953
ENSG00000264615	9	2228963	2229241
ENSG00000236404	9	2422702	2641395
ENSG00000148019	9	80850978	80894606
ENSG00000231052	9	2541097	2541635
ENSG00000236496	9	2875442	2876427
ENSG00000229184	9	2900320	2900804
ENSG00000227835	9	2907073	3053408
ENSG00000221450	9	2924323	2924410
ENSG00000236511	9	3181589	3198517
ENSG00000215297	9	3364329	3364792
ENSG00000232104	9	3526723	3671646
ENSG00000237359	9	3647335	3648338
ENSG00000235326	9	3674546	3691814
ENSG00000226669	9	3684076	3689626
ENSG00000236724	9	3875584	3878809
ENSG00000237009	9	3898642	3901248
ENSG00000230001	9	4070906	4071884
ENSG00000228322	9	4299390	4306046
ENSG00000221730	9	4378423	4378494
ENSG00000200941	9	4386410	4386556
ENSG00000225893	9	4633027	4633756
ENSG00000273061	9	4676600	4679502
ENSG00000270639	9	4768617	4769895
ENSG00000220105	9	4781475	4782078
ENSG00000233186	9	4803788	4804972
ENSG00000199065	9	4850291	4850381
ENSG00000228165	9	4850299	4850373
ENSG00000220937	9	4944670	4945902
ENSG00000135069	9	80912059	80945009
ENSG00000238362	9	4968097	4968185
ENSG00000234534	9	5040945	5041940
ENSG00000182347	9	5084999	5086112
ENSG00000227730	9	5091093	5091604
ENSG00000228166	9	5094139	5095014
ENSG00000224083	9	5096666	5098193
ENSG00000235917	9	5098341	5099325
ENSG00000228097	9	5099560	5100229
ENSG00000237711	9	5100236	5101009
ENSG00000236254	9	5107937	5109290
ENSG00000230225	9	5109496	5110762
ENSG00000236567	9	5110913	5112849
ENSG00000254017	9	5113549	5114804
ENSG00000237553	9	5193339	5193558
ENSG00000214195	9	5311444	5311716
ENSG00000272866	9	5351796	5352410
ENSG00000231967	9	5356312	5356525
ENSG00000214190	9	5418373	5418976
ENSG00000231509	9	5584490	5588994
ENSG00000225408	9	5719021	5720244
ENSG00000223621	9	5855781	5856426
ENSG00000238654	9	5890150	5890256
ENSG00000263575	9	6007826	6007904
ENSG00000228739	9	6047360	6066714
ENSG00000237274	9	6195934	6197248
ENSG00000228132	9	6276640	6276974
ENSG00000233846	9	6278667	6279153
ENSG00000233367	9	6415145	6449558
ENSG00000264530	9	6542094	6542350
ENSG00000252110	9	6566332	6566425
ENSG00000237158	9	6568844	6569360
ENSG00000206147	9	6639139	6639604
ENSG00000236924	9	6645956	6670635
ENSG00000266863	9	6661651	6661936
ENSG00000229057	9	6662424	6663792
ENSG00000231381	9	6668999	6670008
ENSG00000232946	9	6675284	6675614
ENSG00000229611	9	6704471	6707780
ENSG00000225489	9	6716548	6727438
ENSG00000231108	9	6734598	6735076
ENSG00000256968	9	6748703	6748981
ENSG00000230581	9	6834456	6835577
ENSG00000224972	9	6902670	6978859
ENSG00000230207	9	7477045	7478320
ENSG00000178654	9	7597823	7598377
ENSG00000273056	9	7786105	7786688
ENSG00000226376	9	7930827	7935137
ENSG00000231902	9	7960413	7961080
ENSG00000235389	9	8700595	8701552
ENSG00000212695	9	8713311	8713841
ENSG00000239102	9	8797135	8797194
ENSG00000225706	9	8858130	8862255
ENSG00000251699	9	8888136	8888207
ENSG00000234021	9	8936079	8963077
ENSG00000212829	9	9090876	9091311
ENSG00000221708	9	9425461	9425558
ENSG00000265735	9	9442060	9442347
ENSG00000230920	9	9799423	9803784
ENSG00000234360	9	10532145	10532411
ENSG00000226717	9	10613202	10620420
ENSG00000232035	9	10631750	10632203
ENSG00000227138	9	10777357	10777525
ENSG00000230589	9	10829752	10830308
ENSG00000270372	9	10948372	10948481
ENSG00000234146	9	11011748	11013096
ENSG00000230365	9	11275314	11276314
ENSG00000224935	9	12098660	12159147
ENSG00000231491	9	12287320	12288238
ENSG00000222581	9	12300266	12300451
ENSG00000235448	9	12700100	12814344
ENSG00000243115	9	12764762	12765054
ENSG00000222658	9	12885320	12885416
ENSG00000214121	9	12972842	12973437
ENSG00000234586	9	13021693	13022891
ENSG00000234740	9	13274509	13279186
ENSG00000223672	9	13322805	13323449
ENSG00000270547	9	13406379	13433052
ENSG00000226197	9	13446490	13487510
ENSG00000205636	9	13927970	13945609
ENSG00000229268	9	13986174	13987908
ENSG00000235533	9	14025970	14030114
ENSG00000223568	9	14040715	14041860
ENSG00000213954	9	14068931	14069416
ENSG00000234982	9	14204247	14205038
ENSG00000225472	9	14317084	14357907
ENSG00000237137	9	14531914	14532040
ENSG00000273399	9	14586767	14587324
ENSG00000272871	9	14588795	14590063
ENSG00000229029	9	14593575	14594198
ENSG00000199814	9	14850427	14850533
ENSG00000214110	9	14921335	14922332
ENSG00000232000	9	14987300	15146399
ENSG00000215237	9	14993310	15019727
ENSG00000234297	9	15055055	15056050
ENSG00000251960	9	15143287	15143384
ENSG00000263817	9	15348166	15348453
ENSG00000215236	9	15361391	15362132
ENSG00000251834	9	15431897	15432004
ENSG00000240613	9	15525782	15526079
ENSG00000213362	9	15527131	15527681
ENSG00000207433	9	15544186	15544292
ENSG00000106829	9	82186688	82341658
ENSG00000231376	9	15588353	15588613
ENSG00000207360	9	15776179	15776284
ENSG00000231756	9	16473186	16476235
ENSG00000230694	9	16625674	16626388
ENSG00000234779	9	16726812	16727522
ENSG00000233551	9	16775571	16775843
ENSG00000237153	9	17048917	17112813
ENSG00000241152	9	17053899	17054200
ENSG00000226470	9	17096299	17096444
ENSG00000237083	9	17108302	17108602
ENSG00000224488	9	17447143	17448541
ENSG00000228810	9	17589159	17591316
ENSG00000227167	9	18360595	18362218
ENSG00000264638	9	18573304	18573377
ENSG00000252960	9	18651145	18651448
ENSG00000236857	9	18717972	18718524
ENSG00000223211	9	18834835	18834925
ENSG00000236680	9	19026890	19028127
ENSG00000251733	9	19063654	19063784
ENSG00000252943	9	19073841	19073944
ENSG00000201118	9	19089591	19089686
ENSG00000264126	9	19106479	19106788
ENSG00000232176	9	19200333	19201044
ENSG00000232978	9	19291335	19292574
ENSG00000238348	9	19310689	19310786
ENSG00000272842	9	19371384	19371943
ENSG00000273226	9	19375449	19375994
ENSG00000234853	9	19383215	19383885
ENSG00000260912	9	19453207	19455171
ENSG00000231909	9	19460924	19464522
ENSG00000232158	9	19705336	19705653
ENSG00000266224	9	19829751	19829845
ENSG00000261402	9	19926092	19929935
ENSG00000270712	9	19957392	19958145
ENSG00000221744	9	20295002	20295086
ENSG00000237434	9	20331444	20332275
ENSG00000263790	9	20411146	20411236
ENSG00000222202	9	20418319	20418425
ENSG00000264941	9	20502263	20502340
ENSG00000237088	9	20532550	20533337
ENSG00000252324	9	20576216	20576300
ENSG00000227071	9	20683303	20684687
ENSG00000207609	9	20716104	20716187
ENSG00000202189	9	20786926	20787054
ENSG00000230208	9	21058770	21059322
ENSG00000225027	9	21106542	21106835
ENSG00000199635	9	21160234	21160335
ENSG00000232281	9	21178588	21179187
ENSG00000226597	9	21190653	21191243
ENSG00000223684	9	21209188	21209778
ENSG00000232138	9	21231265	21231852
ENSG00000224416	9	21278049	21278618
ENSG00000226393	9	21321299	21321826
ENSG00000261696	9	21394887	21396345
ENSG00000231195	9	21398613	21399138
ENSG00000235108	9	21403080	21403650
ENSG00000237691	9	21420233	21420812
ENSG00000238271	9	21455483	21456048
ENSG00000171889	9	21455641	21559668
ENSG00000199177	9	21512114	21512184
ENSG00000264379	9	21524306	21524381
ENSG00000227443	9	21638284	21638675
ENSG00000229835	9	21695175	21696942
ENSG00000244230	9	21699313	21699569
ENSG00000266732	9	21808057	21808123
ENSG00000229298	9	21811620	21812346
ENSG00000265194	9	21858909	21861925
ENSG00000264801	9	21929456	21931072
ENSG00000240498	9	21994777	22121096
ENSG00000266446	9	21995481	21996012
ENSG00000215221	9	22012154	22012535
ENSG00000236921	9	22203989	22214671
ENSG00000234840	9	22646199	22824212
ENSG00000236739	9	22747699	22748233
ENSG00000224549	9	22767174	22768315
ENSG00000265572	9	22953018	22953102
ENSG00000227607	9	23632104	23632358
ENSG00000233906	9	23671786	23672397
ENSG00000226626	9	23681892	23682660
ENSG00000231460	9	23829668	23849912
ENSG00000237414	9	23894988	23898052
ENSG00000269957	9	24545950	24591991
ENSG00000216088	9	24872710	24872796
ENSG00000196781	9	84198598	84304220
ENSG00000223088	9	24905467	24905733
ENSG00000222693	9	25088809	25089149
ENSG00000236306	9	25780054	25784560
ENSG00000270683	9	25937910	25938432
ENSG00000266429	9	26614038	26614123
ENSG00000254261	9	26746951	26786872
ENSG00000252580	9	26796171	26796302
ENSG00000253400	9	26801731	26805860
ENSG00000232466	9	26880176	26880547
ENSG00000240306	9	26895676	26895968
ENSG00000234676	9	26955778	26956293
ENSG00000254396	9	27102628	27104726
ENSG00000223162	9	27198285	27198399
ENSG00000232867	9	27210325	27210624
ENSG00000231459	9	27245682	27282791
ENSG00000237734	9	27391732	27397561
ENSG00000215441	9	27608380	27610743
ENSG00000260390	9	27829274	27844479
ENSG00000260412	9	27937615	27944495
ENSG00000229060	9	28148209	28149234
ENSG00000224955	9	28598666	28599290
ENSG00000215966	9	28863624	28863704
ENSG00000215939	9	28888877	28888953
ENSG00000230276	9	29254073	29254424
ENSG00000229834	9	29636484	29636851
ENSG00000230097	9	29824740	29826709
ENSG00000239155	9	30178473	30178575
ENSG00000232060	9	30558878	30559479
ENSG00000239792	9	30670962	30671964
ENSG00000215210	9	30689103	30690270
ENSG00000221111	9	30771095	30771197
ENSG00000235626	9	30773462	30774730
ENSG00000211510	9	30774226	30774317
ENSG00000226246	9	30799469	30800744
ENSG00000233278	9	30831876	30832223
ENSG00000214020	9	30935483	30935975
ENSG00000228557	9	30988083	30990570
ENSG00000223421	9	31165616	31166978
ENSG00000232203	9	31253899	31254775
ENSG00000260720	9	31371609	31381488
ENSG00000226998	9	31505278	31505941
ENSG00000229080	9	31505944	31506613
ENSG00000235148	9	31644574	31645158
ENSG00000252313	9	32293556	32293690
ENSG00000225347	9	32333455	32334352
ENSG00000203543	9	32547881	32548148
ENSG00000203542	9	32548215	32548487
ENSG00000235453	9	32551142	32567003
ENSG00000203659	9	32553187	32553801
ENSG00000214006	9	32556904	32557921
ENSG00000214929	9	84603687	84610171
ENSG00000232303	9	32566146	32567124
ENSG00000256239	9	32629452	32635667
ENSG00000223440	9	32633452	32648683
ENSG00000230516	9	32643101	32645024
ENSG00000238001	9	32676061	32676518
ENSG00000230867	9	32727067	32727520
ENSG00000221696	9	32764294	32764420
ENSG00000272113	9	32820249	32820356
ENSG00000236796	9	32836573	32869593
ENSG00000165105	9	85594500	85678092
ENSG00000231193	9	32840596	32841760
ENSG00000223807	9	32926049	32926448
ENSG00000237437	9	32945994	32947220
ENSG00000236184	9	32979558	32980401
ENSG00000225693	9	33019680	33020163
ENSG00000222169	9	33042107	33042214
ENSG00000233554	9	33166973	33179981
ENSG00000252224	9	33174168	33174293
ENSG00000200544	9	33352786	33352872
ENSG00000223678	9	33402855	33409946
ENSG00000270542	9	33449753	33449939
ENSG00000226823	9	33503653	33510709
ENSG00000228072	9	33512957	33514771
ENSG00000225123	9	33574359	33574586
ENSG00000234373	9	33576378	33577012
ENSG00000226562	9	33580693	33605289
ENSG00000204982	9	33613846	33614007
ENSG00000231991	9	33624223	33625532
ENSG00000234122	9	33634109	33634244
ENSG00000215206	9	33649045	33649612
ENSG00000240215	9	33662164	33662661
ENSG00000237984	9	33673502	33677497
ENSG00000172159	9	85857905	86153461
ENSG00000231165	9	33695765	33696057
ENSG00000260947	9	33697457	33700984
ENSG00000227301	9	33719688	33722553
ENSG00000233776	9	33732973	33738414
ENSG00000235481	9	33785948	33818793
ENSG00000223394	9	33786526	33786826
ENSG00000200834	9	33830976	33831076
ENSG00000251748	9	33868538	33868663
ENSG00000230925	9	33909607	33911120
ENSG00000238300	9	33934294	33934374
ENSG00000238886	9	33952767	33952848
ENSG00000226801	9	33968069	33968516
ENSG00000252406	9	34018258	34018319
ENSG00000222259	9	34049964	34050242
ENSG00000228352	9	34084330	34096223
ENSG00000224802	9	34109169	34109966
ENSG00000239392	9	34133155	34134694
ENSG00000203513	9	34169687	34169934
ENSG00000227383	9	34191553	34191879
ENSG00000200141	9	34194810	34194905
ENSG00000203512	9	34195642	34195883
ENSG00000203511	9	34201271	34201513
ENSG00000252164	9	34206132	34206239
ENSG00000233668	9	34223982	34224626
ENSG00000222426	9	34282526	34282668
ENSG00000266881	9	34296377	34296428
ENSG00000148057	9	86237964	86259045
ENSG00000135018	9	86274878	86323118
ENSG00000165113	9	86354336	86444431
ENSG00000165115	9	86451613	86536342
ENSG00000165118	9	86553226	86571901
ENSG00000165119	9	86582998	86595569
ENSG00000178966	9	86595626	86618985
ENSG00000197506	9	86890372	86955672
ENSG00000148053	9	87283466	87638505
ENSG00000135049	9	88161455	88356944
ENSG00000135040	9	88556061	88637213
ENSG00000135052	9	88641061	88715088
ENSG00000187753	9	88835180	88874572
ENSG00000135070	9	88879461	88897676
ENSG00000083223	9	88902648	88969369
ENSG00000180447	9	89559279	89562104
ENSG00000204446	9	89763559	89774471
ENSG00000196730	9	90112143	90323548
ENSG00000135047	9	90340434	90346308
ENSG00000177992	9	90497741	90503814
ENSG00000156345	9	90581356	90589668
ENSG00000106723	9	91003334	91093609
ENSG00000130045	9	91150016	91199189
ENSG00000186354	9	91605778	91611055
ENSG00000213694	9	91606362	91619925
ENSG00000148082	9	91628060	91793682
ENSG00000123975	9	91926113	91931618
ENSG00000187742	9	91933421	91974557
ENSG00000187764	9	91975702	92113045
ENSG00000130222	9	92219928	92221470
ENSG00000165023	9	93372114	93405386
ENSG00000165025	9	93564069	93660831
ENSG00000148090	9	93976097	94124195
ENSG00000165030	9	94171327	94186144
ENSG00000169071	9	94325373	94712444
ENSG00000090054	9	94794281	94877666
ENSG00000196305	9	94972489	95056038
ENSG00000198000	9	95059640	95087918
ENSG00000188312	9	95087766	95382815
ENSG00000106809	9	95146249	95166978
ENSG00000127083	9	95176527	95186743
ENSG00000106819	9	95218487	95244788
ENSG00000106823	9	95256365	95298937
ENSG00000127080	9	95375466	95432547
ENSG00000185963	9	95473645	95527094
ENSG00000127081	9	95607874	95640304
ENSG00000127084	9	95709733	95798518
ENSG00000157303	9	95820989	95847420
ENSG00000165233	9	95858500	95875565
ENSG00000131669	9	95883771	95896570
ENSG00000165238	9	95947198	96082854
ENSG00000204352	9	96080481	96108696
ENSG00000188938	9	96208776	96215874
ENSG00000048828	9	96214004	96328397
ENSG00000197724	9	96338689	96441869
ENSG00000131668	9	96713905	96717654
ENSG00000158079	9	96793076	96872138
ENSG00000175787	9	97021593	97063736
ENSG00000130950	9	97077605	97090926
ENSG00000148110	9	97136833	97223324
ENSG00000130957	9	97321002	97356075
ENSG00000165140	9	97365415	97402531
ENSG00000148120	9	97488983	97849441
ENSG00000158169	9	97861336	98079991
ENSG00000185920	9	98205262	98279339
ENSG00000268926	9	98534605	98537013
ENSG00000182150	9	98637983	98776842
ENSG00000130948	9	98997588	99064434
ENSG00000130958	9	99082988	99145992
ENSG00000165244	9	99148223	99180611
ENSG00000130956	9	99212483	99253618
ENSG00000081377	9	99252523	99382112
ENSG00000158122	9	99401859	99417585
ENSG00000081386	9	99518147	99540411
ENSG00000196597	9	99578754	99637905
ENSG00000196312	9	99660348	99775862
ENSG00000188152	9	99690592	99702535
ENSG00000136943	9	99794940	99801925
ENSG00000197816	9	100000765	100140806
ENSG00000196116	9	100174232	100258407
ENSG00000136842	9	100263462	100364030
ENSG00000136925	9	100362362	100395962
ENSG00000136937	9	100395908	100436030
ENSG00000136936	9	100437191	100459639
ENSG00000178919	9	100615536	100618986
ENSG00000136932	9	100666771	100684852
ENSG00000136929	9	100689073	100707138
ENSG00000136938	9	100745643	100778225
ENSG00000095380	9	100819021	100845357
ENSG00000106785	9	100831557	100881494
ENSG00000106789	9	100883257	100954922
ENSG00000095383	9	100961311	101017915
ENSG00000136928	9	101050391	101471479
ENSG00000165138	9	101493611	101559247
ENSG00000119514	9	101569981	101612363
ENSG00000204291	9	101705461	101833069
ENSG00000106799	9	101866320	101916474
ENSG00000119523	9	101978708	101984238
ENSG00000106803	9	101984346	101992897
ENSG00000119508	9	102584137	102629173
ENSG00000136874	9	102668915	102732618
ENSG00000023318	9	102741461	102861322
ENSG00000119509	9	102861538	103063282
ENSG00000136891	9	103064359	103115221
ENSG00000066697	9	103189438	103213511
ENSG00000251349	9	103204553	103339918
ENSG00000241697	9	103204560	103339918
ENSG00000170681	9	103340361	103350188
ENSG00000148123	9	103790991	104087417
ENSG00000136881	9	104122699	104145801
ENSG00000136897	9	104149915	104160896
ENSG00000136870	9	104161155	104172942
ENSG00000136872	9	104182860	104198105
ENSG00000165152	9	104235453	104295819
ENSG00000155827	9	104296133	104325622
ENSG00000198785	9	104331635	104500862
ENSG00000188386	9	104353897	104357283
ENSG00000155833	9	105757593	105780770
ENSG00000136824	9	106856541	106903698
ENSG00000186881	9	107266455	107267547
ENSG00000148136	9	107288534	107289490
ENSG00000204246	9	107298030	107299137
ENSG00000186943	9	107331449	107332411
ENSG00000255800	9	107360650	107361788
ENSG00000257019	9	107366924	107367951
ENSG00000136839	9	107379529	107380485
ENSG00000179055	9	107456660	107457766
ENSG00000136783	9	107509969	107522403
ENSG00000165028	9	107526438	107539738
ENSG00000165029	9	107543283	107690518
ENSG00000070214	9	108006903	108201452
ENSG00000106701	9	108210077	108314714
ENSG00000106692	9	108320411	108403399
ENSG00000186051	9	108424738	108425367
ENSG00000095209	9	108456825	108538893
ENSG00000148143	9	109625378	109775915
ENSG00000242631	9	109685630	109686455
ENSG00000119318	9	110045418	110094475
ENSG00000136826	9	110247133	110252763
ENSG00000214645	9	110539471	110540419
ENSG00000148156	9	111616871	111619239
ENSG00000187003	9	111624603	111626035
ENSG00000070061	9	111629797	111696396
ENSG00000119328	9	111696461	111713024
ENSG00000119326	9	111704851	111775809
ENSG00000106771	9	111777432	111882225
ENSG00000260230	9	111892573	111929571
ENSG00000095203	9	111934255	112083244
ENSG00000070159	9	112137746	112260590
ENSG00000243444	9	112403068	112713755
ENSG00000157654	9	112542589	112934792
ENSG00000241978	9	112542769	112934792
ENSG00000188959	9	112952328	112970469
ENSG00000136810	9	113006091	113018920
ENSG00000204193	9	113065801	113100127
ENSG00000165124	9	113127531	113342160
ENSG00000030304	9	113431051	113563859
ENSG00000198121	9	113635543	113800981
ENSG00000171133	9	114089763	114090800
ENSG00000136813	9	114122972	114247025
ENSG00000173258	9	114287439	114340124
ENSG00000106853	9	114312002	114362135
ENSG00000059769	9	114393632	114432508
ENSG00000244115	9	114393666	114432509
ENSG00000242616	9	114423615	114432526
ENSG00000165181	9	114448453	114557288
ENSG00000148154	9	114659046	114697649
ENSG00000106868	9	114803065	114937688
ENSG00000119314	9	114980715	115095947
ENSG00000119471	9	115142217	115234690
ENSG00000230185	9	115196096	115249484
ENSG00000165185	9	115249127	115431677
ENSG00000148153	9	115446206	115480516
ENSG00000148158	9	115513118	115643951
ENSG00000119457	9	115641200	115653193
ENSG00000136866	9	115800660	115819039
ENSG00000136867	9	115913222	115926417
ENSG00000119321	9	115923286	115983641
ENSG00000136868	9	115983808	116028674
ENSG00000176386	9	116018115	116037869
ENSG00000136875	9	116037623	116055185
ENSG00000165188	9	116059373	116065656
ENSG00000148225	9	116075502	116102578
ENSG00000119411	9	116111821	116133513
ENSG00000119431	9	116135699	116139279
ENSG00000148218	9	116148597	116163613
ENSG00000148229	9	116169515	116172952
ENSG00000157653	9	116172334	116191964
ENSG00000138835	9	116207011	116360018
ENSG00000157657	9	116638562	116818871
ENSG00000106927	9	116822407	116840752
ENSG00000136883	9	116848406	116861507
ENSG00000196739	9	116917840	117074791
ENSG00000229314	9	117085336	117088755
ENSG00000228278	9	117092149	117095532
ENSG00000106948	9	117096436	117156685
ENSG00000095397	9	117164360	117267730
ENSG00000136888	9	117350026	117360653
ENSG00000157693	9	117373486	117408702
ENSG00000181634	9	117546915	117568406
ENSG00000106952	9	117656003	117692697
ENSG00000041982	9	117782806	117880536
ENSG00000173077	9	117904097	118164923
ENSG00000182752	9	118916083	119164601
ENSG00000256040	9	119160439	119162885
ENSG00000148219	9	119187504	120177348
ENSG00000119401	9	119449581	119463579
ENSG00000136869	9	120466610	120479149
ENSG00000078725	9	121915736	122131745
ENSG00000260970	9	122257653	122286403
ENSG00000136861	9	123151147	123342448
ENSG00000106780	9	123363091	123476748
ENSG00000119402	9	123514256	123555690
ENSG00000095261	9	123577774	123605262
ENSG00000119403	9	123617977	123639606
ENSG00000056558	9	123664671	123691451
ENSG00000106804	9	123714616	123812554
ENSG00000119397	9	123837141	123939888
ENSG00000119396	9	123940415	123985292
ENSG00000148180	9	123970072	124095121
ENSG00000148175	9	124101355	124132531
ENSG00000267987	9	124103625	124110410
ENSG00000136848	9	124329336	124547809
ENSG00000175764	9	124584207	124855885
ENSG00000119421	9	124894745	124922098
ENSG00000185681	9	124922190	124962367
ENSG00000106852	9	124964856	124991905
ENSG00000119446	9	124999903	125027118
ENSG00000148187	9	125026882	125085743
ENSG00000095303	9	125132824	125157982
ENSG00000269738	9	125148344	125148928
ENSG00000136834	9	125239220	125240235
ENSG00000197233	9	125273081	125274022
ENSG00000239590	9	125281420	125282361
ENSG00000171505	9	125288637	125289572
ENSG00000171501	9	125315391	125316493
ENSG00000171496	9	125329778	125330838
ENSG00000165202	9	125376948	125378026
ENSG00000171484	9	125390858	125391852
ENSG00000173679	9	125423845	125424927
ENSG00000171481	9	125437315	125438432
ENSG00000136939	9	125486269	125487204
ENSG00000171459	9	125512019	125513062
ENSG00000148215	9	125551150	125552237
ENSG00000136940	9	125560668	125590910
ENSG00000165204	9	125562370	125563395
ENSG00000056586	9	125606835	125667620
ENSG00000186130	9	125670335	125675609
